   30.000000000000156
   30.100000000000158
   30.20000000000016
   30.30000000000016
   30.400000000000162
   30.500000000000163
   30.600000000000165
   30.700000000000166
   30.800000000000168
   30.90000000000017
   31.00000000000017
   31.100000000000172
   31.200000000000173
   31.300000000000175
   31.400000000000176
   31.500000000000178
   31.60000000000018
   31.70000000000018
   31.800000000000182
   31.900000000000183
   32.000000000000185
   32.100000000000186
   32.20000000000019
   32.30000000000019
   32.40000000000019
   32.50000000000019
   32.60000000000019
   32.700000000000195
   32.800000000000196
   32.9000000000002
   33.0000000000002
   33.1000000000002
   33.2000000000002
   33.3000000000002
   33.400000000000205
   33.500000000000206
   33.60000000000021
   33.70000000000021
   33.80000000000021
   33.90000000000021
   34.00000000000021
   34.100000000000215
   34.200000000000216
   34.30000000000022
   34.40000000000022
   34.50000000000022
   34.60000000000022
   34.70000000000022
   34.800000000000225
   34.900000000000226
   35.00000000000023
   35.10000000000023
   35.20000000000023
   35.30000000000023
   35.40000000000023
   35.500000000000234
   35.600000000000236
   35.70000000000024
   35.80000000000024
   35.90000000000024
   36.00000000000024
   36.10000000000024
   36.200000000000244
   36.300000000000246
   36.40000000000025
   36.50000000000025
   36.60000000000025
   36.70000000000025
   36.80000000000025
   36.900000000000254
   37.000000000000256
   37.10000000000026
   37.20000000000026
   37.30000000000026
   37.40000000000026
   37.50000000000026
   37.600000000000264
   37.700000000000266
   37.80000000000027
   37.90000000000027
   38.00000000000027
   38.10000000000027
   38.20000000000027
   38.300000000000274
   38.400000000000276
   38.50000000000028
   38.60000000000028
   38.70000000000028
   38.80000000000028
   38.90000000000028
   39.000000000000284
   39.100000000000286
   39.20000000000029
   39.30000000000029
   39.40000000000029
   39.50000000000029
   39.60000000000029
   39.700000000000294
   39.800000000000296
   39.9000000000003
   40.0000000000003
   40.1000000000003
   40.2000000000003
   40.3000000000003
   40.400000000000304
   40.500000000000306
   40.60000000000031
   40.70000000000031
   40.80000000000031
   40.90000000000031
   41.00000000000031
   41.100000000000314
   41.200000000000315
   41.30000000000032
   41.40000000000032
   41.50000000000032
   41.60000000000032
   41.70000000000032
   41.800000000000324
   41.900000000000325
   42.00000000000033
   42.10000000000033
   42.20000000000033
   42.30000000000033
   42.40000000000033
   42.500000000000334
   42.600000000000335
   42.70000000000034
   42.80000000000034
   42.90000000000034
   43.00000000000034
   43.10000000000034
   43.200000000000344
   43.300000000000345
   43.40000000000035
   43.50000000000035
   43.60000000000035
   43.70000000000035
   43.80000000000035
   43.900000000000354
   44.000000000000355
   44.10000000000036
   44.20000000000036
   44.30000000000036
   44.40000000000036
   44.50000000000036
   44.600000000000364
   44.700000000000365
   44.80000000000037
   44.90000000000037
   45.00000000000037
   45.10000000000037
   45.20000000000037
   45.300000000000374
   45.400000000000375
   45.50000000000038
   45.60000000000038
   45.70000000000038
   45.80000000000038
   45.90000000000038
   46.000000000000384
   46.100000000000385
   46.20000000000039
   46.30000000000039
   46.40000000000039
   46.50000000000039
   46.60000000000039
   46.700000000000394
   46.800000000000395
   46.9000000000004
   47.0000000000004
   47.1000000000004
   47.2000000000004
   47.3000000000004
   47.400000000000404
   47.500000000000405
   47.600000000000406
   47.70000000000041
   47.80000000000041
   47.90000000000041
   48.00000000000041
   48.10000000000041
   48.200000000000415
   48.300000000000416
   48.40000000000042
   48.50000000000042
   48.60000000000042
   48.70000000000042
   48.80000000000042
   48.900000000000425
   49.000000000000426
   49.10000000000043
   49.20000000000043
   49.30000000000043
   49.40000000000043
   49.50000000000043
   49.600000000000435
   49.700000000000436
   49.80000000000044
   49.90000000000044
   50.00000000000044
   50.10000000000044
   50.20000000000044
   50.300000000000445
   50.400000000000446
   50.50000000000045
   50.60000000000045
   50.70000000000045
   50.80000000000045
   50.90000000000045
   51.000000000000455
   51.100000000000456
   51.20000000000046
   51.30000000000046
   51.40000000000046
   51.50000000000046
   51.60000000000046
   51.700000000000465
   51.800000000000466
   51.90000000000047
   52.00000000000047
   52.10000000000047
   52.20000000000047
   52.30000000000047
   52.400000000000475
   52.500000000000476
   52.60000000000048
   52.70000000000048
   52.80000000000048
   52.90000000000048
   53.00000000000048
   53.100000000000485
   53.200000000000486
   53.30000000000049
   53.40000000000049
   53.50000000000049
   53.60000000000049
   53.70000000000049
   53.800000000000495
   53.900000000000496
   54.0000000000005
   54.1000000000005
   54.2000000000005
   54.3000000000005
   54.4000000000005
   54.500000000000504
   54.600000000000506
   54.70000000000051
   54.80000000000051
   54.90000000000051
   55.00000000000051
   55.10000000000051
   55.200000000000514
   55.300000000000516
   55.40000000000052
   55.50000000000052
   55.60000000000052
   55.70000000000052
   55.80000000000052
   55.900000000000524
   56.000000000000526
   56.10000000000053
   56.20000000000053
   56.30000000000053
   56.40000000000053
   56.50000000000053
   56.600000000000534
   56.700000000000536
   56.80000000000054
   56.90000000000054
   57.00000000000054
   57.10000000000054
   57.20000000000054
   57.300000000000544
   57.400000000000546
   57.50000000000055
   57.60000000000055
   57.70000000000055
   57.80000000000055
   57.90000000000055
   58.000000000000554
   58.100000000000556
   58.20000000000056
   58.30000000000056
   58.40000000000056
   58.50000000000056
   58.60000000000056
   58.700000000000564
   58.800000000000566
   58.90000000000057
   59.00000000000057
   59.10000000000057
   59.20000000000057
   59.30000000000057
   59.400000000000574
   59.500000000000576
   59.60000000000058
   59.70000000000058
   59.80000000000058
   59.90000000000058
