   0.0
   0.0
   0.0
   0.0
   0.0
   0.0
   0.0
   0.0
   0.0
   0.0
   0.0
   0.0
   0.0
   0.0
   0.0
   0.0
   0.0
   0.0
   0.0
   0.0
   0.0
   0.0
   0.0
   0.0
   0.0
   0.0
   0.0
   0.0
   0.0
   0.0
   0.0
   0.0
   0.0
   0.0
   0.0
   0.0
   0.0
   0.0
   0.0
   0.0
   0.0
   0.0
   0.0
   0.0
   0.0
   0.0
   0.0
   0.0
   0.0
   0.0
   0.0
   0.0
   0.0
   0.0
   0.0
   0.0
   0.0
   0.0
   0.0
   0.0
   0.0
   0.0
   0.0
   0.0
   0.0
   0.0
   0.0
   0.0
   0.0
   0.0
   0.0
   0.0
   0.0
   0.0
   0.0
   0.0
   0.0
   0.0
   0.0
   0.0
   0.0
   0.0
   0.0
   0.0
   0.0
   0.0
   0.0
   0.0
   0.0
   0.0
   0.0
   0.0
   0.0
   0.0
   0.0
   0.0
   0.0
   0.0
   0.0
   0.0
   0.0
   0.0
   0.0
   0.0
   0.0
   0.0
   0.0
   0.0
   0.0
   0.0
   0.0
   0.0
   0.0
   0.0
   0.0
   0.0
   0.0
   0.0
   0.0
   0.0
   0.0
   0.0
   0.0
   0.0
   0.0
   0.0
   0.0
   0.0
   0.0
   0.0
   0.0
   0.0
   0.0
   0.0
   0.0
   0.0
   0.0
   0.0
   0.0
   0.0
   0.0
   0.0
   0.0
   0.0
   0.0
   0.0
   0.0
   0.0
   0.0
   0.0
   0.0
   0.0
   0.0
   0.0
   0.0
   0.0
   0.0
   0.0
   0.0
   0.0
   0.0
   0.0
   0.0
   0.0
   0.0
   0.0
   0.0
   0.0
   0.0
   0.0
   0.0
   0.0
   0.0
   0.0
   0.0
   0.0
   0.0
   0.0
   0.0
   0.0
   0.0
   0.0
   0.0
   0.0
   0.0
   0.0
   0.0
   0.0
   0.0
   0.0
   0.0
   0.0
   0.0
   0.0
   0.0
   0.0
   0.0
   0.0
   0.0
   0.0
   0.0
   0.0
   0.0
   0.0
   0.0
   0.0
   0.0
   0.0
   0.0
   0.0
   0.0
   0.0
   0.0
   0.0
   0.0
   0.0
   0.0
   0.0
   0.0
   0.0
   0.0
   0.0
   0.0
   0.0
   0.0
   0.0
   0.0
   0.0
   0.0
   0.0
   0.0
   0.0
   0.0
   0.0
   0.0
   0.0
   0.0
   0.0
   0.0
   0.0
   0.0
   0.0
   0.0
   0.0
   0.0
   0.0
   0.0
   0.0
   0.0
   0.0
   0.0
   0.0
   0.0
   0.0
   0.0
   0.0
   0.0
   0.0
   0.0
   0.0
   0.0
   0.0
   0.0
   0.0
   0.0
   0.0
   0.0
   0.0
   0.0
   0.0
   0.0
   0.0
   0.0
   0.0
   0.0
   0.0
   0.0
   0.0
   0.0
   0.0
   0.0
   0.0
   0.0
   0.0
   0.0
   0.0
   0.0
   0.0
   0.0
   0.0
   0.0
   0.0
   0.0
   0.0
   0.0
   0.0
   0.0
   0.0
   0.0
   0.0
   0.0
   0.0
   0.0
   0.0
   0.0
   0.0
   0.0
   0.0
   0.0
   0.0
   0.0
   0.0
   0.0
   0.0
   0.0
   0.0
   0.0
   0.0
   0.0
   0.0
   0.0
   0.0
   0.0
   0.0
   0.0
   0.0
   0.0
   0.0
   0.0
   0.0
   0.0
   0.0
   0.0
   0.0
   0.0
   0.0
   0.0
   0.0
   0.0
   0.0
   0.0
   0.0
   0.0
   0.0
   0.0
   0.0
   0.0
   0.0
   0.0
   0.0
   0.0
   0.0
   0.0
   0.0
   0.0
   0.0
   0.0
   0.0
   0.0
   0.0
   0.0
   0.0
   0.0
   0.0
   0.0
   0.0
   0.0
   0.0
   0.0
   0.0
   0.0
   0.0
   0.0
   0.0
   0.0
   0.0
   0.0
   0.0
   0.0
   0.0
   0.0
   0.0
   0.0
   0.0
   0.0
   0.0
   0.0
   0.0
   0.0
   0.0
   0.0
   0.0
   0.0
   0.0
   0.0
   0.0
   0.0
   0.0
   0.0
   0.0
   0.0
   0.0
   0.0
   0.0
   0.0
   0.0
   0.0
   0.0
   0.0
   0.0
   0.0
   0.0
   0.0
   0.0
   0.0
   0.0
   0.0
   0.0
   0.0
   0.0
   0.0
   0.0
   0.0
   0.0
   0.0
   0.0
   0.0
   0.0
   0.0
   0.0
   0.0
   0.0
   0.0
   0.0
   0.0
   (1.1937605668370951e-15+19.495589547422778j)
   0.0
   0.0
   (1.1937605668370951e-15+19.495589547422778j)
   0.0
   0.0
   0.0
   (1.1937605668370951e-15+19.495589547422778j)
   0.0
   0.0
   (1.1937605668370951e-15+19.495589547422778j)
   (2.4187286208057347e-15+39.500836036802575j)
   (2.4187286208057347e-15+39.500836036802575j)
   0.0
   0.0
   0.0
   0.0
   (4.8683646657935444e-15+79.50642861571336j)
   (1.1937605668370951e-15+19.495589547422778j)
   (1.1937605668370951e-15+19.495589547422778j)
   0.0
   (3.643563029578158e-15+59.50389993449456j)
   (6.093153292591593e-15+99.50874483702376j)
   (4.8683646657935444e-15+79.50642861571336j)
   (9.76749005558972e-15+159.51521797779125j)
   (6.093153292591593e-15+99.50874483702376j)
   (3.643563029578158e-15+59.50389993449456j)
   (6.093153292591593e-15+99.50874483702376j)
   (3.643563029578158e-15+59.50389993449456j)
   (6.093153292591593e-15+99.50874483702376j)
   (1.0992264677983976e-14+179.51730548983133j)
   (9.76749005558972e-15+159.51521797779125j)
   (1.5891354926576858e-14+259.52552095250707j)
   (8.542713900188173e-15+139.5131054298422j)
   (1.0992264677983976e-14+179.51730548983133j)
   (1.5891354926576858e-14+259.52552095250707j)
   (1.9565668293290867e-14+319.5316120029587j)
   (1.8340897417619366e-14+299.5295856795447j)
   (1.5891354926576858e-14+259.52552095250707j)
   (3.4262909881339275e-14+559.5557822091145j)
   (2.2015209510692648e-14+359.53565592986473j)
   (1.7116126313024814e-14+279.5275556175336j)
   (2.5689520383784062e-14+419.54170625636885j)
   (3.793721903438591e-14+619.5618044451556j)
   (3.916198869682403e-14+639.5638109549649j)
   (4.52858366955353e-14+739.5738383845049j)
   (4.283629755157627e-14+699.5698283194889j)
   (7.10059952418713e-14+1159.6159038068517j)
   (7.345553401412953e-14+1199.6199078015331j)
   (6.365737882345928e-14+1039.6038901629438j)
   (1.016252291324461e-13+1659.6659412853003j)
   (1.1142338374658991e-13+1819.6819495084985j)
   (1.2734538486147244e-13+2079.7079606974885j)
   (1.4081784725040653e-13+2299.7299686480933j)
   (1.812352341031121e-13+2959.79598737032j)
   (2.1552877424467905e-13+3519.851999690663j)
   (3.0126262418875945e-13+4919.992023798375j)
   (3.2575800982723977e-13+5320.032029709222j)
   (3.820973967388241e-13+6240.1240423745885j)
   (4.555835535011713e-13+7440.244057606916j)
   (5.204963252614411e-13+8500.350070303224j)
   (5.486660186573955e-13+8960.396075658682j)
   (6.478723301502693e-13+10580.55809399646j)
   (7.005374090758767e-13+11440.644103485482j)
   (6.674686385887072e-13+10900.590097543633j)
   (6.858401777486403e-13+11200.620100851102j)
   (6.552209458148323e-13+10700.57009532908j)
   (6.515466379825737e-13+10640.564094663145j)
   (5.829595584377447e-13+9520.452082079892j)
   (5.670375578261957e-13+9260.426079110961j)
   (4.825284776322661e-13+7880.288062945516j)
   (3.9679462809715613e-13+6480.1480455167975j)
   (3.4290477976423157e-13+5600.06003368441j)
   (2.779920078131078e-13+4539.954017871221j)
   (2.4002415998809795e-13+3919.8920073152863j)
   (2.0328108135291362e-13+3319.8319955508123j)
   (1.6163892537239838e-13+2639.763979049922j)
   (1.1387292238922118e-13+1859.6859513862112j)
   (9.91756904663895e-14+1619.661939025023j)
   (8.692799703981337e-14+1419.6419261510507j)
   (1.016252291324461e-13+1659.6659412853003j)
   (7.835461151735958e-14+1279.627915116638j)
   (6.120783997666361e-14+999.5998849509735j)
   (4.7735375778757e-14+779.5778474576053j)
   (4.161152795346834e-14+679.5678228602713j)
   (3.671244934616874e-14+599.5597975143426j)
   (3.548767962950345e-14+579.5577901189364j)
   (2.9363830494864435e-14+479.5477441382883j)
   (2.8139060524079417e-14+459.5457325927921j)
   (2.8139060524079417e-14+459.5457325927921j)
   (1.8340897417619366e-14+299.5295856795447j)
   (2.5689520383784062e-14+419.54170625636885j)
   (1.9565668293290867e-14+319.5316120029587j)
   (1.8340897417619366e-14+299.5295856795447j)
   (1.7116126313024814e-14+279.5275556175336j)
   (1.8340897417619366e-14+299.5295856795447j)
   (1.0992264677983976e-14+179.51730548983133j)
   (1.0992264677983976e-14+179.51730548983133j)
   (8.542713900188173e-15+139.5131054298422j)
   (9.76749005558972e-15+159.51521797779125j)
   (1.2217038228429124e-14+199.51937549561396j)
   (4.8683646657935444e-15+79.50642861571336j)
   (6.093153292591593e-15+99.50874483702376j)
   (7.317935442057878e-15+119.51095527547876j)
   (3.643563029578158e-15+59.50389993449456j)
   (8.542713900188173e-15+139.5131054298422j)
   (4.8683646657935444e-15+79.50642861571336j)
   (1.1937605668370951e-15+19.495589547422778j)
   (1.1937605668370951e-15+19.495589547422778j)
   (3.643563029578158e-15+59.50389993449456j)
   0.0
   (2.4187286208057347e-15+39.500836036802575j)
   (3.643563029578158e-15+59.50389993449456j)
   0.0
   (4.8683646657935444e-15+79.50642861571336j)
   (3.643563029578158e-15+59.50389993449456j)
   0.0
   0.0
   (1.1937605668370951e-15+19.495589547422778j)
   0.0
   0.0
   (2.4187286208057347e-15+39.500836036802575j)
   (1.1937605668370951e-15+19.495589547422778j)
   0.0
   (1.1937605668370951e-15+19.495589547422778j)
   0.0
   0.0
   (1.1937605668370951e-15+19.495589547422778j)
   (1.1937605668370951e-15+19.495589547422778j)
   0.0
   0.0
   0.0
   0.0
   (1.1937605668370951e-15+19.495589547422778j)
   (1.1937605668370951e-15+19.495589547422778j)
   0.0
   0.0
   0.0
   (1.1937605668370951e-15+19.495589547422778j)
   0.0
   0.0
   0.0
   (1.1937605668370951e-15+19.495589547422778j)
   (1.1937605668370951e-15+19.495589547422778j)
   0.0
   (1.1937605668370951e-15+19.495589547422778j)
   0.0
   0.0
   0.0
   0.0
   0.0
   0.0
   0.0
   0.0
   0.0
   0.0
   0.0
   0.0
   0.0
   0.0
   0.0
   0.0
   0.0
   0.0
   0.0
   0.0
   0.0
   0.0
   0.0
   0.0
   0.0
   0.0
   0.0
   0.0
   0.0
   0.0
   0.0
   0.0
   0.0
   0.0
   0.0
   0.0
   0.0
   0.0
   0.0
   0.0
   0.0
   0.0
   0.0
   0.0
   0.0
   0.0
   0.0
   0.0
   0.0
   0.0
   0.0
   0.0
   0.0
   0.0
   0.0
   0.0
   0.0
   0.0
   0.0
   0.0
   0.0
   0.0
   0.0
   0.0
   0.0
   0.0
   0.0
   0.0
   0.0
   0.0
   0.0
   0.0
   0.0
   0.0
   0.0
   0.0
   0.0
   0.0
   0.0
   0.0
   0.0
   0.0
   0.0
   0.0
   0.0
   0.0
   0.0
   0.0
   0.0
   0.0
   0.0
   0.0
   0.0
   0.0
   0.0
   0.0
   0.0
   0.0
   0.0
   0.0
   0.0
   0.0
   0.0
   0.0
   0.0
   0.0
   0.0
   0.0
   0.0
   0.0
   0.0
   0.0
   0.0
   0.0
   0.0
   0.0
   0.0
   0.0
   0.0
   0.0
   0.0
   0.0
   0.0
   0.0
   0.0
   0.0
   0.0
   0.0
   0.0
   0.0
   0.0
   0.0
   0.0
   0.0
   0.0
   0.0
   0.0
   0.0
   0.0
   0.0
   0.0
   0.0
   0.0
   0.0
   0.0
   0.0
   0.0
   0.0
   0.0
   0.0
   0.0
   0.0
   0.0
   0.0
   0.0
   0.0
   0.0
   0.0
   0.0
   0.0
   0.0
   0.0
   0.0
   0.0
   0.0
   0.0
   0.0
   0.0
   0.0
   0.0
   0.0
   0.0
   0.0
   0.0
   0.0
   0.0
   0.0
   0.0
   0.0
   0.0
   0.0
   0.0
   0.0
   0.0
   0.0
   0.0
   0.0
   0.0
   0.0
   0.0
   0.0
   0.0
   0.0
   0.0
   0.0
   0.0
   0.0
   0.0
   0.0
   0.0
   0.0
   0.0
   0.0
   0.0
   0.0
   0.0
   0.0
   0.0
   0.0
   0.0
   0.0
   0.0
   0.0
   0.0
   0.0
   0.0
   0.0
   0.0
   0.0
   0.0
   0.0
   0.0
   0.0
   0.0
   0.0
   0.0
   0.0
   0.0
   0.0
   0.0
   0.0
   0.0
   0.0
   0.0
   0.0
   0.0
   0.0
   0.0
   0.0
   0.0
   0.0
   0.0
   0.0
   0.0
   0.0
   0.0
   0.0
   0.0
   0.0
   0.0
   0.0
   0.0
   0.0
   0.0
   0.0
   0.0
   0.0
   0.0
   0.0
   0.0
   0.0
   0.0
   0.0
   0.0
   0.0
   0.0
   0.0
   0.0
   0.0
   0.0
   0.0
   0.0
   0.0
   0.0
   0.0
   0.0
   0.0
   0.0
   0.0
   0.0
   0.0
   0.0
   0.0
   0.0
   0.0
   0.0
   0.0
   0.0
   0.0
   0.0
   0.0
   0.0
   0.0
   0.0
   0.0
   0.0
   0.0
   0.0
   0.0
   0.0
   0.0
   0.0
   0.0
   0.0
   0.0
   0.0
   0.0
   0.0
   0.0
   0.0
   0.0
   0.0
   0.0
   0.0
   0.0
   0.0
   0.0
   0.0
   0.0
   0.0
   0.0
   0.0
   0.0
   0.0
   0.0
   0.0
   0.0
   0.0
   0.0
   0.0
   0.0
   0.0
   0.0
   0.0
   0.0
   0.0
   0.0
   0.0
   0.0
   0.0
   0.0
   0.0
   0.0
   0.0
   0.0
   0.0
   0.0
   0.0
   0.0
   0.0
   0.0
   0.0
   0.0
   0.0
   0.0
   0.0
   0.0
   0.0
   0.0
   0.0
   0.0
   0.0
   0.0
   0.0
   0.0
   0.0
   0.0
   0.0
   0.0
   0.0
   0.0
   0.0
   0.0
   0.0
   0.0
   0.0
   0.0
   0.0
   0.0
   0.0
   0.0
   0.0
   0.0
   0.0
   0.0
   0.0
   0.0
   0.0
   0.0
   0.0
   0.0
   0.0
   0.0
   0.0
   0.0
   0.0
   0.0
   0.0
   0.0
   0.0
   0.0
   0.0
   0.0
   0.0
   0.0
   0.0
   0.0
   0.0
   0.0
   0.0
   0.0
   0.0
   0.0
   0.0
   0.0
   0.0
   0.0
   0.0
   0.0
