   0.0003855611542201107
   0.0005715107661125698
   0.0007062715859773796
   0.0007833733406369903
   0.0008805264627554446
   0.0009522817764606659
   0.0010474806527125912
   0.0010962999694440717
   0.0011665612348855797
   0.001245834724842047
   0.0012676850240700955
   0.0012937548835960154
   0.001375386836767133
   0.0013775212216391318
   0.0014025848903930292
   0.0014552789213312207
   0.0014632018291028878
   0.001471422706544413
   0.0015171057392548428
   0.00153874280090347
   0.0015515378862873137
   0.0015225296439126054
   0.001516570258546226
   0.0015512705417256214
   0.0015295960293147295
   0.0015647474841668934
   0.0015933667740932458
   0.001610025894065183
   0.0015659508573022051
   0.0015769152428934151
   0.0015841754017840526
   0.0015914132983589114
   0.0015681564796933172
   0.0015321134512608211
   0.001558073498476716
   0.0015436653434552387
   0.0015831059667266653
   0.0015986616655289027
   0.0015905225861712988
   0.0016094569040107263
   0.0015436989286967964
   0.0014951787045994374
   0.0014841810359589131
   0.0014689542153787738
   0.001458161727353057
   0.0014142294597061069
   0.0013807166124543792
   0.0013678776291331765
   0.0013249955167591756
   0.0013171990629196177
   0.0012514400975647598
   0.001222096265252745
   0.0011374130724284362
   0.0010805972634042513
   0.000993649193191302
   0.0009022021582735848
   0.0007886939437579447
   0.0006908592771861779
   0.0005274150351411645
   0.00038569559756593215
