   0.00028205000000000005
   0.0003988
   0.0005411000000000001
   0.00068685
   0.00084395
   0.00095345
   0.0010906499999999999
   0.0012664500000000001
   0.0013556999999999998
   0.00148305
   0.00163315
   0.00180925
   0.0019053
   0.0020726
   0.00218965
   0.0023786000000000002
   0.00246675
   0.002612
   0.00275495
   0.0029208
   0.00307245
   0.00322825
   0.00339095
   0.0035806
   0.00367965
   0.0038783500000000005
   0.0040586
   0.0041931
   0.0044011
   0.0045049
   0.0046323
   0.004780400000000001
   0.00491455
   0.0050603
   0.0052597500000000005
   0.0053835
   0.0055169
   0.0056699
   0.0058941
   0.0060216
   0.00611485
   0.00630045
   0.0064264000000000005
   0.00660115
   0.00673975
   0.00696805
   0.0071572
   0.0072734
   0.007415700000000001
   0.007588800000000001
   0.0078407
   0.00799495
   0.008100099999999999
   0.008362399999999999
   0.0084795
   0.00866895
   0.00889515
   0.00901645
   0.00917455
   0.00962275
   0.009611100000000001
   0.00916345
   0.00898585
   0.00882625
   0.0086336
   0.0084635
   0.008297200000000001
   0.0081541
   0.007977350000000001
   0.0077412
   0.00767015
   0.007535050000000001
   0.007349700000000001
   0.00713165
   0.0069658
   0.00670505
   0.006523500000000001
   0.0063933
   0.00619645
   0.0060904
   0.00591215
   0.00572605
   0.005582950000000001
   0.0054435
   0.005234
   0.0050538
   0.0049429999999999995
   0.00470025
   0.0045999
   0.00446445
   0.00434375
   0.0041502
   0.0040298
   0.00391045
   0.00373205
   0.0035647
   0.0034469
   0.00331475
   0.00317255
   0.0030115500000000004
   0.0028862000000000002
   0.00273955
   0.0025854
   0.0024638
   0.0023393000000000003
   0.00215555
   0.0020204
   0.0018896
   0.0017282500000000002
   0.0015991
   0.00148135
   0.00133355
   0.00122845
   0.0010611
   0.00097375
   0.0007941000000000001
   0.0006704
   0.0005407999999999999
   0.0003993
   0.00027325
