   0.0
   0.0
   0.0
   0.0
   0.0
   0.0
   0.0
   0.0
   0.0
   0.0
   0.0
   0.0
   0.0
   0.0
   0.0
   0.0
   0.0
   0.0
   0.0
   0.0
   0.0
   0.0
   0.0
   0.0
   0.0
   0.0
   0.0
   0.0
   0.0
   0.0
   0.0
   0.0
   0.0
   0.0
   0.001
   0.002
   0.002
   0.003
   0.003
   0.002
   0.007
   0.022
   0.061
   0.129
   0.23
   0.352
   0.695
   1.165
   2.003
   1.974
   1.402
   0.831
   0.436
   0.247
   0.144
   0.078
   0.037
   0.023
   0.018
   0.002
   0.002
   0.001
   0.0
   0.001
   0.002
   0.0
   0.0
   0.0
   0.0
   0.0
   0.0
   0.0
   0.0
   0.0
   0.0
   0.0
   0.0
   0.0
   0.0
   0.0
   0.0
   0.0
   0.0
   0.0
   0.0
   0.0
   0.0
   0.0
   0.0
   0.0
   0.0
   0.0
   0.0
   0.0
   0.0
   0.0
   0.0
   0.0
   0.0
   0.0
