   0.0056
   0.004
   0.00624
   0.00608
   0.00496
   0.006879999999999999
   0.00656
   0.008
   0.0096
   0.008159999999999999
   0.01072
   0.0096
   0.010239999999999999
   0.00848
   0.00912
   0.01056
   0.01088
   0.0096
   0.009439999999999999
   0.01232
   0.01616
   0.013280000000000002
   0.01232
   0.01072
   0.013759999999999998
   0.0152
   0.014399999999999998
   0.011999999999999999
   0.0176
   0.0152
   0.01568
   0.016319999999999998
   0.0184
   0.015040000000000001
   0.016479999999999998
   0.0176
   0.020479999999999998
   0.01792
   0.017759999999999998
   0.01872
   0.02128
   0.020159999999999997
   0.020640000000000002
   0.020319999999999998
   0.023039999999999998
   0.01808
   0.02352
   0.01984
   0.0264
   0.022080000000000002
   0.0224
   0.0232
   0.020640000000000002
   0.022719999999999997
   0.02336
   0.02144
   0.0248
   0.02352
   0.02336
   0.0256
   0.027999999999999997
   0.03056
   0.02704
   0.029439999999999997
   0.031200000000000002
   0.02896
   0.028319999999999998
   0.02784
   0.02464
   0.02928
   0.02992
   0.02992
   0.027519999999999996
   0.031200000000000002
   0.03232
   0.032959999999999996
   0.03504
   0.03136
   0.0336
   0.03424
   0.03168
   0.03136
   0.03136
   0.034559999999999994
   0.032
   0.035679999999999996
   0.03504
   0.03856
   0.03584
   0.03616
   0.035679999999999996
   0.03888
   0.04048
   0.040639999999999996
   0.037759999999999995
   0.04176
   0.03424
   0.04304
   0.03744
   0.040959999999999996
   0.04176
   0.039839999999999993
   0.03936
   0.04016
   0.0408
   0.037919999999999995
   0.0408
   0.04655999999999999
   0.04464
   0.04208
   0.0448
   0.045279999999999994
   0.044
   0.04336
   0.046079999999999996
   0.04224
   0.04735999999999999
   0.0496
   0.04304
   0.04928
   0.052000000000000005
   0.0512
   0.05568
   0.046079999999999996
   0.04832
   0.04832
   0.04992
   0.054400000000000004
   0.05328
   0.05184
   0.05519999999999999
   0.054400000000000004
   0.05376
   0.05744
   0.0504
   0.05408
   0.05568
   0.055999999999999994
   0.05824
   0.05856
   0.056799999999999996
   0.056799999999999996
   0.055999999999999994
   0.06384000000000001
   0.056799999999999996
   0.06
   0.06048
   0.06752
   0.06128
   0.06064
   0.062400000000000004
   0.056159999999999995
   0.05968
   0.06591999999999999
   0.0608
   0.0672
   0.05727999999999999
   0.05904
   0.06128
   0.05328
   0.056159999999999995
   0.05727999999999999
   0.05264
   0.054240000000000003
   0.05503999999999999
   0.05968
   0.05744
   0.056319999999999995
   0.04767999999999999
   0.0504
   0.04896
   0.056319999999999995
   0.049440000000000005
   0.05008
   0.04896
   0.045599999999999995
   0.049440000000000005
   0.052000000000000005
   0.045439999999999994
   0.044480000000000006
   0.04464
   0.0472
   0.045599999999999995
   0.0448
   0.048159999999999994
   0.04176
   0.04240000000000001
   0.04272
   0.04224
   0.04496000000000001
   0.043680000000000004
   0.04432
   0.043680000000000004
   0.03728
   0.04208
   0.03936
   0.037919999999999995
   0.03872
   0.0368
   0.040959999999999996
   0.036000000000000004
   0.03248
   0.035519999999999996
   0.034559999999999994
   0.03696
   0.038079999999999996
   0.036000000000000004
   0.034559999999999994
   0.0352
   0.03712
   0.03344
   0.034559999999999994
   0.03344
   0.032799999999999996
   0.02896
   0.02736
   0.02592
   0.02896
   0.03024
   0.027999999999999997
   0.030080000000000003
   0.02848
   0.03136
   0.03152
   0.02672
   0.02448
   0.02704
   0.025279999999999997
   0.02608
   0.025119999999999996
   0.02624
   0.025279999999999997
   0.02624
   0.02592
   0.02768
   0.02592
   0.02688
   0.0224
   0.02624
   0.020640000000000002
   0.02672
   0.02544
   0.02176
   0.022240000000000003
   0.02096
   0.020800000000000003
   0.018879999999999997
   0.025279999999999997
   0.0192
   0.019039999999999998
   0.0192
   0.02096
   0.01744
   0.01936
   0.018879999999999997
   0.01584
   0.01968
   0.01696
   0.014879999999999999
   0.016
   0.0152
   0.01424
   0.016479999999999998
   0.013759999999999998
   0.01616
   0.014399999999999998
   0.01296
   0.01312
   0.0152
   0.01312
   0.0112
   0.01392
   0.01312
   0.01072
   0.011040000000000001
   0.011040000000000001
   0.010239999999999999
   0.00896
   0.010400000000000001
   0.0088
   0.0112
   0.00784
   0.007520000000000001
   0.00768
   0.008639999999999998
   0.008639999999999998
   0.008
   0.006879999999999999
   0.007199999999999999
   0.008
   0.00672
   0.008159999999999999
   0.0064
   0.00544
   0.00496
   0.004319999999999999
   0.00544
   0.00448
   0.0028799999999999997
   0.00448
