   0.0002854604388118195
   0.0003610425711518483
   0.0004593439834963127
   0.0005639617222248917
   0.0006663412068411472
   0.0007274381325133175
   0.0008171004831739767
   0.000911790965726486
   0.0009719548020615425
   0.0010522460816564559
   0.0011392993441812806
   0.0012387940855027675
   0.00130724600943459
   0.001403350141992839
   0.001447054405462988
   0.0015573551469455957
   0.0015855397927416566
   0.0016729660991567632
   0.0017379038723624436
   0.0018178003415615382
   0.0018879938737871318
   0.001945727363770239
   0.00204721753271504
   0.002127517799544999
   0.002152985938258596
   0.00226891984438137
   0.002364112211425601
   0.002422612668686738
   0.0024975875251554095
   0.0025406988034206534
   0.002590253487399635
   0.002657481971812786
   0.002720714670748818
   0.002752498485036621
   0.002841939400416848
   0.002885062280463721
   0.002930990193821339
   0.0029977469903874924
   0.003091693131253474
   0.003099026403207934
   0.003146188175802462
   0.0031935152061657
   0.0032370287314535755
   0.0033074992442467337
   0.0033228827979150883
   0.0033982718951435058
   0.003480906190534888
   0.0035020957691906432
   0.0035300140219355594
   0.0035825625516893687
   0.00369700903844285
   0.003725219429987154
   0.003748412332505024
   0.0038396746537215365
   0.0038550189413569342
   0.00389387875904029
   0.0039799410230300135
   0.003999131748901424
   0.0040384170118712695
   0.004159849590305139
   0.004160640903090893
   0.004025731746924785
   0.003987192186298197
   0.003962179774983762
   0.003926513617418149
   0.0038878666705671108
   0.0038408716529764984
   0.003790075004252319
   0.0037717151832593063
   0.0036697956703893794
   0.003675609100636761
   0.003636564101278208
   0.003567230101378795
   0.0034973560001282243
   0.003451426287960696
   0.003343237784382043
   0.0032984052137264206
   0.003247800887538043
   0.0031827669961436824
   0.0031726912237576474
   0.0030882682890975444
   0.0030221266412108413
   0.002997887504140691
   0.0029572721736650367
   0.0028635062035635714
   0.0027921966080599672
   0.00276967535089183
   0.0026350570210444723
   0.0026111890290638883
   0.0025566754771893714
   0.0024948433871762508
   0.0024006302616269536
   0.002364842179684537
   0.002297888559133131
   0.002227648827473203
   0.002136911478989697
   0.0020632505761244532
   0.002006393649675424
   0.0019341521194238354
   0.0018364604557185957
   0.001796888504221074
   0.00173292850594358
   0.0016377051428603207
   0.001574540800401878
   0.001533991765420219
   0.0014277744425292608
   0.0013658515421158068
   0.0012965536469716043
   0.0011982390731538639
   0.0011114155652930057
   0.0010510875786912588
   0.0009538842286589712
   0.0008928418679968301
   0.0007934481707668823
   0.0007361287760620177
   0.0006178443391811331
   0.0005447941188938622
   0.00046000660412097444
   0.00036129378112889285
   0.0002772138503879869
