   0.0
   0.0
   0.0
   0.0
   0.0
   0.0
   0.0
   0.0
   0.0
   0.0
   0.0
   0.0
   0.0
   0.0
   0.0
   0.0
   0.0
   0.0
   0.0
   0.0
   0.0
   0.0
   0.0
   0.0
   0.0
   0.0
   0.0
   0.0
   0.0
   0.0
   0.0
   0.0
   0.0
   0.0
   (8.67256182255448e-17+1.4163368292952148j)
   (3.3575262771956593e-16+5.4832565267525295j)
   (3.3575262771956593e-16+5.4832565267525295j)
   (7.042422448231437e-16+11.501148662838371j)
   (4.587123154309038e-16+7.491340617560543j)
   (3.3575262771956593e-16+5.4832565267525295j)
   (1.1948643250711764e-15+19.51361528733162j)
   (4.382418505517527e-15+71.57032555947947j)
   (1.5170174066111214e-14+247.74774370329928j)
   (3.9932821194743514e-14+652.1524609797094j)
   (7.352173776452756e-14+1200.7010970953627j)
   (1.0208457280151284e-13+1667.1675926902042j)
   (2.63041657420664e-13+4295.796267198082j)
   (4.2461167624440953e-13+6934.434916908952j)
   (7.5670058352463e-13+12357.858348243337j)
   (7.706755319945997e-13+12586.086576654983j)
   (5.741681424938539e-13+9376.877364046713j)
   (3.4370407964451707e-13+5613.113591344333j)
   (1.601909391110603e-13+2616.116568835871j)
   (7.707676880682243e-14+1258.75915995512j)
   (5.0965677781806474e-14+832.3326826525127j)
   (2.5957866417376242e-14+423.92412956044336j)
   (1.149254616441952e-14+187.68752218878257j)
   (6.711613694950831e-15+109.60896969842598j)
   (4.137237633665876e-15+67.56621805644504j)
   (2.1236276006745491e-16+3.4681470643668058j)
   (3.3575262771956593e-16+5.4832565267525295j)
   (8.67256182255448e-17+1.4163368292952148j)
   0.0
   (8.67256182255448e-17+1.4163368292952148j)
   (3.3575262771956593e-16+5.4832565267525295j)
   0.0
   0.0
   0.0
   0.0
   0.0
   0.0
   0.0
   0.0
   0.0
   0.0
   0.0
   0.0
   0.0
   0.0
   0.0
   0.0
   0.0
   0.0
   0.0
   0.0
   0.0
   0.0
   0.0
   0.0
   0.0
   0.0
   0.0
   0.0
   0.0
   0.0
   0.0
   0.0
   0.0
   0.0
   0.0
