   0.09013817801575534
   0.07708573219612884
   0.09931755649088035
   0.10147791923900569
   0.08768773720480728
   0.100403792660199
   0.10254031677782649
   0.11819119500975915
   0.12524802464080487
   0.11259044828135185
   0.13271102176625713
   0.13190414007816031
   0.12862219578575074
   0.11448952376340155
   0.11999676702613539
   0.13271102176625713
   0.13510057897528246
   0.12694709348386043
   0.12945105074915905
   0.14714053488115783
   0.17330885097801327
   0.15414748884340457
   0.1434960097800296
   0.13190414007816031
   0.1534626285736954
   0.15885022131802642
   0.16146933782559125
   0.14126000504357777
   0.1696706069303432
   0.16146933782559125
   0.16404186249726163
   0.1715006633366093
   0.17450249613897195
   0.15885022131802642
   0.17028309894529592
   0.17976235182898664
   0.19768399405377227
   0.1690556058967035
   0.17627572393993407
   0.17568691564062558
   0.1950920460185522
   0.18147690136161407
   0.19085837724968033
   0.18760946875542026
   0.20174922930419975
   0.17509584736188818
   0.20424111722232863
   0.18485113960744445
   0.2193881525463566
   0.20124641839009216
   0.20424111722232863
   0.2032487518057409
   0.19716882758031667
   0.1987095801773056
   0.19613368546979618
   0.19613368546979618
   0.2095984440511226
   0.20473513701849275
   0.2032487518057409
   0.21525938789683705
   0.22430721105937707
   0.24074117796502598
   0.21893414163594277
   0.22952379752606156
   0.22952379752606156
   0.2316537153987505
   0.2225341278652775
   0.21432856808324358
   0.21103105311888243
   0.2299517857239879
   0.23375898499871384
   0.22909479580123837
   0.21432856808324358
   0.23830702412327132
   0.2455155400674688
   0.23993335447644004
   0.2513165021038746
   0.24074117796502598
   0.25508651803798854
   0.2528335810374467
   0.23459434022693892
   0.23122972536853326
   0.2333398708046406
   0.24669022256743295
   0.23459434022693892
   0.25768139529501594
   0.26024117138335406
   0.2569436297823678
   0.24863175096745477
   0.25207657179195997
   0.24785755796375178
   0.26312496224587123
   0.2684170837959123
   0.27725676916067726
   0.26419520721038986
   0.27152335727723864
   0.24194633646573802
   0.2789109722181589
   0.25583155530009133
   0.27858126934422645
   0.27659107724068555
   0.2755881903302071
   0.26455062278678637
   0.267719892276385
   0.2762573635760234
   0.26168853785672846
   0.27525272650451527
   0.2869749763478151
   0.2831464233297491
   0.27725676916067726
   0.28185311731468027
   0.2879203294928469
   0.28507022254149383
   0.2722068456240029
   0.27758875157773155
   0.28250085747415066
   0.2919640319262654
   0.2977252484825565
   0.2808773973360238
   0.29652662263699947
   0.3090354373743898
   0.2977252484825565
   0.3202446249948362
   0.286342151029149
   0.296225794653106
   0.28475092231466664
   0.29165597681754046
   0.30331874082242394
   0.30389815328286596
   0.30762219901191495
   0.312108217247025
   0.3140381351819056
   0.30762219901191495
   0.31676161134949804
   0.30273757172943855
   0.3090354373743898
   0.3112750844536368
   0.3067692134153763
   0.31864504178788033
   0.32077482430274096
   0.3262536218857799
   0.3084713957306252
   0.31622003278594923
   0.3282994145593318
   0.312108217247025
   0.3234036886089653
   0.3226188740038002
   0.3374790820421319
   0.31997896609439364
   0.3282994145593318
   0.3355325186310364
   0.3073382930211498
   0.3231424472258689
   0.33723688482850694
   0.3310762677691109
   0.352567390387972
   0.31321342265599056
   0.32156734085368155
   0.335776967153795
   0.29980501814828353
   0.31183091084217
   0.3173016475713382
   0.30098342274496676
   0.30273757172943855
   0.31837712436120674
   0.3262536218857799
   0.3181088271901859
   0.3140381351819056
   0.28602495625036783
   0.29380207595467783
   0.29072884135119503
   0.3154047556640011
   0.2956227228520504
   0.30562595062538905
   0.286342151029149
   0.2869749763478151
   0.29041880088130034
   0.3053390647181442
   0.29134742773437866
   0.28602495625036783
   0.27692421173968074
   0.2897972173901246
   0.28602495625036783
   0.2739049730031616
   0.2977252484825565
   0.2687647277619452
   0.2739049730031616
   0.2691117404791105
   0.27356654918139806
   0.280224155264246
   0.28185311731468027
   0.2831464233297491
   0.2831464233297491
   0.25583155530009133
   0.2722068456240029
   0.27152335727723864
   0.25841629575900527
   0.26060404876880544
   0.25987759867014226
   0.28152842718299076
   0.25433852739881563
   0.23584026640829472
   0.25471289351429605
   0.24393768435891586
   0.255459404223759
   0.26806880612511413
   0.25508651803798854
   0.24234631962306727
   0.25396341641201786
   0.26276687213217553
   0.2391219819460716
   0.2501705981913805
   0.23871495348743224
   0.24785755796375178
   0.22952379752606156
   0.23122972536853326
   0.21103105311888243
   0.22297905023328846
   0.22736853868960544
   0.22074325028179245
   0.2411437699708689
   0.22029269975025256
   0.23789818921918005
   0.24033770761057494
   0.22430721105937707
   0.21386129510736454
   0.21893414163594277
   0.20522772876741083
   0.22909479580123837
   0.21197959083711607
   0.22386558528987321
   0.2157229508124113
   0.2166464221815788
   0.22119266146501804
   0.22430721105937707
   0.21197959083711607
   0.22029269975025256
   0.19613368546979618
   0.22518721127815308
   0.18760946875542026
   0.22164094023054276
   0.21386129510736454
   0.19139360383910833
   0.20620866902971505
   0.19613368546979618
   0.19032138792456818
   0.18869969279982796
   0.21756507260614102
   0.17509584736188818
   0.18147690136161407
   0.17976235182898664
   0.19768399405377227
   0.1715006633366093
   0.18815550067716272
   0.1820442908854153
   0.16404186249726163
   0.17976235182898664
   0.1671952712484134
   0.1627612851267674
   0.1715006633366093
   0.15885022131802642
   0.1575224664802421
   0.1696706069303432
   0.1513875169245035
   0.1768622948315223
   0.15208268918804546
   0.14496582982841424
   0.15277437736761149
   0.16081901491314174
   0.15208268918804546
   0.13510057897528246
   0.15885022131802642
   0.1405060651509554
   0.13109191813596607
   0.13351266002151974
   0.13351266002151974
   0.13271102176625713
   0.11819119500975915
   0.12862219578575074
   0.12524802464080487
   0.13027425605493834
   0.11354417232177381
   0.10667956713964269
   0.11259044828135185
   0.11999676702613539
   0.11635592333919607
   0.11065701457202202
   0.10967684681750534
   0.10359134614439935
   0.12088883238376007
   0.1046313499215863
   0.11542670832262879
   0.10359134614439935
   0.0971071253757
   0.08768773720480728
   0.08122834384605969
   0.09252162370533883
   0.08122834384605969
   0.06472253359591061
   0.08122834384605969
