   0.0
   0.0
   0.0
   0.0
   0.0
   0.0
   0.0
   0.0
   0.0
   0.0
   0.0
   0.0
   0.0
   0.0
   0.0
   0.0
   0.0
   0.0
   0.0
   0.0
   0.0
   0.0
   0.0
   0.0
   0.0
   0.0
   0.0
   0.0
   0.0
   0.0
   0.0
   0.0
   0.0
   0.0
   0.0
   0.0
   0.0
   0.0
   0.0
   0.0
   0.0
   0.0
   0.0
   0.0
   0.0
   0.0
   0.0
   0.0
   0.0
   0.0
   0.0
   0.0
   0.0
   0.0
   0.0
   0.0
   0.0
   0.0
   0.0
   0.0
   0.0
   0.0
   0.0
   0.0
   0.0
   0.0
   0.0
   0.0
   0.0
   0.0
   0.0
   0.0
   0.0
   0.0
   0.0
   0.0
   0.0
   0.0
   0.0
   0.0
   0.0
   0.0
   0.0
   0.0
   0.0
   0.0
   0.0
   0.0
   0.0
   0.0
   0.0
   0.0
   0.0
   0.0
   0.0
   0.0
   0.0
   0.0
   0.0
   0.0
   0.0
   0.0
   0.0
   0.0
   0.0
   0.0
   0.0
   0.0
   0.0
   0.0
   0.0
   0.0
   0.0
   0.0
   0.0
   0.0
   0.0
   0.0
   0.0
   0.0
   0.0
   0.0
   0.0
   0.0
   0.0
   0.0
   0.0
   0.0
   0.0
   0.0
   0.0
   0.0
   0.0
   0.0
   0.0
   0.0
   0.0
   0.0
   0.0
   0.0
   0.0
   0.000999999499999875
   0.0
   0.0
   0.000999999499999875
   0.0
   0.0
   0.0
   0.0
   0.00199999899999975
   0.0
   0.0
   0.0
   0.0
   0.0
   0.0
   0.0
   0.0
   0.0
   0.0
   0.0
   0.0
   0.0
   0.000999999499999875
   0.0
   0.0
   0.0
   0.0
   0.0
   0.0029999984999996253
   0.0014142121481588255
   0.0039999979999995
   0.0022360659650377044
   0.0014142121481588255
   0.0029999984999996253
   0.0
   0.0024494864767946774
   0.004690408937395545
   0.0022360659650377044
   0.00458257034861441
   0.005477216446334763
   0.00199999899999975
   0.0014142121481588255
   0.000999999499999875
   0.0037416525760684944
   0.0014142121481588255
   0.0031622719680634683
   0.000999999499999875
   0.0037416525760684944
   0.005291493173008919
   0.004242636444476477
   0.003464096418981435
   0.0
   0.0022360623873228583
   0.0024494864767946774
   0.006403117912392368
   0.002449482394302927
   0.005385153572554826
   0.002449482394302927
   0.0022360659650377044
   0.008831738220758131
   0.007615760237822617
   0.007280101578961656
   0.009746756947826287
   0.0038729728891382653
   0.007483293125355975
   0.003741644023687983
   0.0029999918333222177
   0.004472119855281162
   0.006244974859837308
   0.006557421368190396
   0.006244988310637579
   0.004242628901989897
   0.005830935087959735
   0.006164387723042735
   0.0072800850956565065
   0.0059160695567242955
   0.004582566857122763
   0.005567749186161316
   0.00860230201748346
   0.00793722615275639
   0.0034640871813509545
   0.008717746268388407
   0.009380800818693465
   0.00707104490156865
   0.004898959481359282
   0.011618884585019338
   0.007999935999743997
   0.007873950723747261
   0.005744531225435196
   0.0068555932638977345
   0.011357756424576114
   0.014798546381317322
   0.010723674323663508
   0.011747265043404783
   0.009055305406224574
   0.00830653230897226
   0.009380754553872519
   0.010488004385963996
   0.01536213201349344
   0.013892318704953468
   0.013038247735029427
   0.013038237764360644
   0.012529751434086791
   0.015523993526151704
   0.013999771426705509
   0.017634925318809832
   0.01449116682672586
   0.01630926902101992
   0.016612981791358228
   0.01486582574228556
   0.02051789148523795
   0.02121274145413553
   0.016672942271836726
   0.020321763678381854
   0.01587415396170769
   0.020614975115192353
   0.017204174377167883
   0.018814336661174106
   0.01816524935144024
   0.02302097747707512
   0.021609490299403178
   0.025960692671806736
   0.02078381283595481
   0.02039522993251118
   0.0261141690275605
   0.023344299496879318
   0.026171281798949016
   0.02568932533174042
   0.026644797691106607
   0.02758491687498804
   0.027054111036957026
   0.031078893159184415
   0.03075521152585363
   0.03249406985897581
   0.033209118491763674
   0.033805784697296996
   0.03560643936144135
   0.03663057870140738
   0.033953168791734295
   0.035662168133752045
   0.035352346456777095
   0.037145013070397484
   0.038687467725350026
   0.03638315192503255
   0.04432305845719585
   0.04081210482197653
   0.041971304482944054
   0.044424361559846866
   0.04580868912117001
   0.045578815956538406
   0.046939755602261074
   0.04754242937629502
   0.05043891504582548
   0.05016144016074499
   0.051622645224746085
   0.05280052460913622
   0.05194122823923208
   0.05568372742552352
   0.059810769523556545
   0.06274729564690418
   0.06545117801842835
   0.06373333432357042
   0.06081853828398048
   0.06737517596266447
   0.06735989997023452
   0.0689558513543267
   0.07434403754841407
   0.07650930400938176
   0.08221165306694665
   0.08131650272853598
   0.07894074217411437
   0.08775910960692343
   0.08474645474000668
   0.08645640519938358
   0.08898740000134851
   0.09502175602986929
   0.09313931538829347
   0.09814802758588682
   0.0985226622407251
   0.09961978727140508
   0.10577015797946035
   0.10438228889998533
   0.10795118509770979
   0.11096562637141287
   0.11816699227787766
   0.11774596492449327
   0.12272685873923442
   0.12786260374323682
   0.1288162998226544
   0.13153487408288345
   0.13540355755666098
   0.14248390356457813
   0.1428509995204794
   0.1491593209926889
   0.15087059852734727
   0.15626584220167888
   0.15875198996863
   0.16568561458074746
   0.16474234427128928
   0.1706776889666602
   0.17755753325612517
   0.18037066696112203
   0.18435603289287822
   0.19048510480087413
   0.18928804234552166
   0.19954919136643978
   0.20643108206856836
   0.21093233458860686
   0.21883630704021673
   0.22069129497105228
   0.22740122911717078
   0.2342352039275907
   0.23990220066518772
   0.24704721499948143
   0.25272552319858793
   0.25901781646056704
   0.26982418023409244
   0.27188516096138826
   0.28164326667612705
   0.28939919380675544
   0.2966878429326015
   0.30640427105215096
   0.31309286072825104
   0.3242143975828341
   0.33149982853087573
   0.3365794978842294
   0.34667185285800173
   0.35454751122945427
   0.36692833193281765
   0.37824858907337644
   0.3839079106035717
   0.3916848269093405
   0.4078086814132333
   0.41834458543047975
   0.422838115519403
   0.44062225949105205
   0.45039899342582906
   0.46252870224343917
   0.4767893830655209
   0.48709034442390664
   0.5006252000359152
   0.510277113904788
   0.5291872144147098
   0.5360487029179345
   0.5543098799326961
   0.5659281758659839
   0.5871195643401776
   0.5958847227811769
   0.6134543606528524
   0.6255272463889963
   0.6431335525378846
   0.6545013116556758
   0.6730848973940806
   0.6922736734673651
   0.8172237311624032
   0.8329046041414346
   0.8395909631713528
   0.8425845305107376
   0.8447825991194421
   0.8457047785362218
   0.8445556375372791
   0.838116845314542
   0.8277182139780421
   0.8191880115431378
   0.6896201706555574
   0.6737521609427313
   0.6595711940344272
   0.6456053927129172
   0.629502922928083
   0.6117507617575968
   0.5941690205311954
   0.5809233561013019
   0.5671638175827157
   0.5520389816815475
   0.5371973521863264
   0.5221177023535977
   0.5149455590399824
   0.5018276239895528
   0.489932769265335
   0.47663998711711125
   0.4626000624718937
   0.44996470961620977
   0.43681571601305735
   0.4331091440722534
   0.41881873634783817
   0.40885458328236945
   0.3965744258824565
   0.3840891863044311
   0.3776904229643638
   0.3694510070888967
   0.35767921616862225
   0.34445872455781984
   0.3405147144764819
   0.32789598731305025
   0.32352152235052306
   0.31181097605921443
   0.3078825510872612
   0.3025414035532988
   0.2873535856466733
   0.2823505745540462
   0.2764005339430443
   0.263183370278215
   0.2623678431439341
   0.2516294377373204
   0.24723564891819302
   0.2391084105254351
   0.23841215106407643
   0.2300504433032025
   0.22199458141134887
   0.22118688271233447
   0.21247468016448454
   0.20661855821537425
   0.1994543777183143
   0.1949077020951199
   0.19033271784955944
   0.18962934365493123
   0.1839096681634764
   0.17695993815267905
   0.1726360628721589
   0.16791567161822626
   0.16395108111567913
   0.15977856552116118
   0.15425635416085784
   0.14850889244755683
   0.1443603478487081
   0.14017669590912749
   0.13368834055369225
   0.1354515997358466
   0.1326906643287311
   0.13221129524741826
   0.12537894550122838
   0.12355765203337267
   0.11736634868649531
   0.11832146885075422
   0.11208063782384538
   0.1076478926825788
   0.1072912799392383
   0.10554596799025531
   0.10321120287546308
   0.09730477570499815
   0.09704969397169678
   0.09565049609907937
   0.09665712273288503
   0.09198778353129289
   0.08736856436384885
   0.08786469561775082
   0.08090739951327072
   0.07906749344073075
   0.07807720137786703
   0.07770100413765578
   0.07560964207692032
   0.07479136418063251
   0.07513608772753609
   0.07121611300120219
   0.06650164448342612
   0.06417718310271961
   0.06325832802090173
   0.06344219396426955
   0.05933211258669288
   0.05786598572564024
   0.05563866776801903
   0.055657374704525905
   0.05613209331567815
   0.05591832772892981
   0.05384194940750195
   0.04931758143907708
   0.050706724406137695
   0.04580801588150266
   0.04912501668193101
   0.048243334834980056
   0.04598366361002568
   0.04189958109575798
   0.04520568300556911
   0.04154019542563564
   0.04241001503182945
   0.03702300602328234
   0.035252266182474
   0.03462312636085887
   0.037023892812614936
   0.03559235815452525
   0.03328448761810823
   0.03302795105664292
   0.031919893342553636
   0.032153832679791064
   0.03364285356505895
   0.030868880365183315
   0.031223401079959242
   0.03073931929955509
   0.02751223856759024
   0.024082071671681405
   0.025533066795823803
   0.021469893315990182
   0.023915634300599262
   0.02338696797363865
   0.020999149482776678
   0.023042560599898614
   0.021931029866378824
   0.018465734726785175
   0.01999946709290025
   0.018893961336892803
   0.02273699098385712
   0.024371603065863355
   0.016851913956580717
   0.018165478909183762
   0.015132460176719448
   0.020687801139802172
   0.015842670197918025
   0.013820071454229171
   0.015066244356175828
   0.011488935720944738
   0.01389227263625358
   0.014071127744427593
   0.01140156322615456
   0.015459368648169304
   0.014932942610215844
   0.015264133090352692
   0.012648986678781823
   0.01157568140542923
   0.011180223566637655
   0.01284508773811997
   0.011180232510999045
   0.009165080687042531
   0.013076572601412038
   0.008306579982158722
   0.00894419118758091
   0.00830655831256243
   0.010582921902763906
   0.012922755085507115
   0.009486740009086368
   0.008660183312147613
   0.008062198149388291
   0.006164374745260058
   0.00836657134075841
   0.007549810527423851
   0.008774902335638842
   0.006999974214238221
   0.005385149115855568
   0.004242617588234886
   0.005830924112008319
   0.012961441895097937
   0.008246176326031356
   0.005830935087959735
   0.007937208010377452
   0.007348447182908781
   0.0075498152957539305
   0.00707104490156865
   0.004582557255507017
   0.008124013786300463
   0.010392272321297205
   0.009643623333581626
   0.006164387723042735
   0.005567749186161316
   0.004690408937395545
   0.005385153572554826
   0.009433972175070266
   0.0026457465865044596
   0.002828420760778
   0.006244979983955112
   0.009165129568096678
   0.0038729728891382653
   0.00458257034861441
   0.0022360659650377044
   0.006999996499999125
   0.0031622719680634683
   0.007141422757406258
   0.0031622751303452394
   0.0
   0.0
   0.002828424296317651
   0.0039999979999995
   0.0017320482094907174
   0.000999999499999875
   0.0014142121481588255
   0.00199999899999975
   0.000999999499999875
   0.00199999899999975
   0.000999999499999875
   0.000999999499999875
   0.00435889332285157
   0.0
   0.0
   0.0029999984999996253
   0.0
   0.0029999984999996253
   0.0
   0.0
   0.0
   0.0
   0.0
   0.005999996999999251
   0.000999999499999875
   0.0
   0.002828424296317651
   0.0
   0.0
   0.000999999499999875
   0.0
   0.000999999499999875
   0.0
   0.0
   0.0
   0.0
   0.0
   0.0
   0.0
   0.0
   0.0
   0.0
   0.0
   0.0
   0.0
   0.0
   0.0
   0.0
   0.0
   0.0
   0.0
   0.000999999499999875
   0.000999999499999875
   0.0
   0.0
   0.0
   0.0
   0.0
   0.0
   0.0
   0.0
   0.0
   0.0
   0.0
   0.0
   0.0
   0.0
   0.0
   0.0
   0.0
   0.0
   0.0
   0.0
   0.0
   0.0
   0.0
   0.0
   0.0
   0.0
   0.0
   0.0
   0.0
   0.0
   0.0
   0.0
   0.0
   0.0
   0.0
   0.0
   0.0
   0.0
   0.0
   0.0
   0.0
   0.0
   0.0
   0.0
   0.0
   0.0
   0.0
   0.0
   0.0
   0.0
   0.0
   0.0
   0.0
   0.0
   0.0
   0.0
   0.0
   0.0
   0.0
   0.0
   0.0
   0.0
   0.0
   0.0
   0.0
   0.0
   0.0
   0.0
   0.0
   0.0
   0.0
   0.0
   0.0
   0.0
   0.0
   0.0
   0.0
   0.0
   0.0
   0.0
   0.0
   0.0
   0.0
   0.0
   0.0
   0.0
   0.0
   0.0
   0.0
   0.0
   0.0
   0.0
   0.0
   0.0
   0.0
   0.0
   0.0
   0.0
   0.0
   0.0
   0.0
   0.0
   0.0
   0.0
   0.0
   0.0
   0.0
   0.0
   0.0
   0.0
   0.0
   0.0
   0.0
   0.0
   0.0
   0.0
   0.0
   0.0
   0.0
   0.0
   0.0
   0.0
   0.0
   0.0
   0.0
   0.0
   0.0
   0.0
   0.0
   0.0
   0.0
   0.0
   0.0
   0.0
   0.0
   0.0
   0.0
   0.0
   0.0
   0.0
