   0.07303204693567765
   0.06381903820687819
   0.06089370934267455
   0.062156352913205294
   0.06369873869657025
   0.06269943935624496
   0.06253370708575734
   0.06090401977329896
   0.06387685033535641
   0.0628368068061695
   0.06335203191851166
   0.06376187642382235
   0.06295957640277841
   0.0618179456704358
   0.06425238186983458
   0.06275471227266721
   0.06177087799580656
   0.06205041956374469
   0.06200894773655906
   0.0627830861058039
   0.06449919450689275
   0.06149928091442388
   0.0630606796952049
   0.06185767885471303
   0.06406283867510977
   0.06407948076787834
   0.06402256546631734
   0.0635527930870137
   0.061613641205281934
   0.061706209168932095
   0.062208308496190225
   0.062159526207088894
   0.061683424349303066
   0.06281689995047679
   0.0637887027940268
   0.061992846090987375
   0.06396107544351408
   0.06335903937913721
   0.06232691527382806
   0.06345072272068668
   0.061999045444488275
   0.061636415195039984
   0.061492271873726
   0.06250502533729844
   0.06335964824965591
   0.06241194535470221
   0.062318991513833466
   0.06321491768168598
   0.0635384576654961
   0.06374113819525785
   0.06144085345251593
   0.06190714443337129
   0.0637614508517039
   0.061749927196216886
   0.06324471482095352
   0.06304891331004016
   0.06488212984814472
   0.06403244424351615
   0.06303927045572874
   0.06166536025614459
   0.06347525459287287
   0.06262557499212647
   0.06181905583821587
   0.06225673553149226
   0.06293200981114558
   0.06217650583475217
   0.06187705911868925
   0.06228429929694803
   0.062433271669845546
   0.06319946050606909
   0.06167391644164188
   0.06281267262130649
   0.06258548997022077
   0.0613303440372085
   0.06307515309953587
   0.06346398666089788
   0.06259388301332604
   0.06393350994671618
   0.062200872193928294
   0.06407558412683458
   0.06289090770683271
   0.06389840055341718
   0.06377591471233492
   0.061521151411574854
   0.06153100150530564
   0.06290215197264357
   0.06383796717480243
   0.06396772998836484
   0.0620717133378871
   0.06346088579245196
   0.06281087709463302
   0.061578766838718914
   0.06287730880977886
   0.06289802899345187
   0.06216346400402127
   0.06360290173684915
   0.06347975524411163
   0.06476626852952526
   0.06731921906751806
   0.07215528107046974
