   0.0
   0.0
   0.0
   0.0
   0.0
   0.0
   0.0
   0.0
   0.0
   0.0
   0.0
   0.0
   0.0
   0.0
   0.0
   0.0
   0.0
   0.0
   0.0
   0.0
   0.0
   0.0
   0.0
   0.0
   0.0
   0.0
   0.0
   0.0
   0.0
   0.0
   0.0
   0.0
   0.0
   0.0
   0.0
   0.0
   0.0
   0.0
   0.0
   0.0
   0.0
   0.0
   0.0
   0.0
   0.0
   0.0
   0.0
   0.0
   0.0
   0.0
   0.0
   0.0
   0.0
   0.0
   0.0
   0.0
   0.0
   0.0
   0.0
   0.0
   0.0
   0.0
   0.0
   0.0
   0.0
   0.0
   0.0
   0.0
   0.0
   0.0
   0.0
   0.0
   0.0
   0.0
   0.0
   0.0
   0.0
   0.0
   0.0
   0.0
   0.0
   0.0
   0.0
   0.0
   0.0
   0.0
   0.0
   0.0
   0.0
   0.0
   0.0
   0.0
   0.0
   0.0
   0.0
   0.0
   0.0
   0.0
   0.0
   0.0
   0.0
   0.0
   0.0
   0.0
   0.0
   0.0
   0.0
   0.0
   0.0
   0.0
   0.0
   0.0
   0.0
   0.0
   0.0
   0.0
   0.0
   0.0
   0.0
   0.0
   0.0
   0.0
   0.0
   0.0
   0.0
   0.0
   0.0
   0.0
   0.0
   0.0
   0.0
   0.0
   0.0
   0.0
   0.0
   0.0
   0.0
   0.0
   0.0
   0.0
   0.0
   9.999999999999999e-06
   0.0
   0.0
   9.999999999999999e-06
   0.0
   0.0
   0.0
   0.0
   1.9999999999999998e-05
   0.0
   0.0
   0.0
   0.0
   0.0
   0.0
   0.0
   0.0
   0.0
   0.0
   0.0
   0.0
   0.0
   9.999999999999999e-06
   0.0
   0.0
   0.0
   0.0
   0.0
   3e-05
   1.9999999999999998e-05
   3.9999999999999996e-05
   3e-05
   1.9999999999999998e-05
   3e-05
   0.0
   3.9999999999999996e-05
   7.999999999999999e-05
   3e-05
   7e-05
   0.0001
   1.9999999999999998e-05
   1.9999999999999998e-05
   9.999999999999999e-06
   6e-05
   1.9999999999999998e-05
   6e-05
   9.999999999999999e-06
   6e-05
   0.0001
   6e-05
   6e-05
   0.0
   5e-05
   3.9999999999999996e-05
   8.999999999999999e-05
   6e-05
   0.00010999999999999999
   6e-05
   3e-05
   0.0002
   0.00014
   0.00010999999999999999
   0.00026999999999999995
   8.999999999999999e-05
   0.00017999999999999998
   0.0001
   7e-05
   0.00012
   0.00016999999999999999
   0.00015
   0.00010999999999999999
   0.0001
   0.00014
   0.00017999999999999998
   0.00019
   0.00010999999999999999
   8.999999999999999e-05
   0.00013
   0.0002
   0.00020999999999999998
   0.0001
   0.0003
   0.00024
   0.00017999999999999998
   0.00014
   0.00039
   0.00031999999999999997
   0.0003
   0.00019
   0.00029
   0.00036999999999999994
   0.00055
   0.00053
   0.00041999999999999996
   0.00038
   0.00039
   0.00038
   0.00041999999999999996
   0.0006999999999999999
   0.0005899999999999999
   0.0006399999999999999
   0.00066
   0.00073
   0.0007499999999999999
   0.0008
   0.0009699999999999999
   0.00078
   0.0008799999999999999
   0.0009399999999999999
   0.0008500000000000001
   0.0012699999999999999
   0.0013999999999999998
   0.00114
   0.00161
   0.00106
   0.00151
   0.0012799999999999999
   0.0014399999999999999
   0.00154
   0.0018599999999999999
   0.00173
   0.0020599999999999998
   0.00182
   0.0018599999999999999
   0.00224
   0.00209
   0.00253
   0.00242
   0.0023399999999999996
   0.0026899999999999997
   0.00274
   0.0032
   0.00342
   0.0036799999999999997
   0.0039299999999999995
   0.00411
   0.00426
   0.00448
   0.00427
   0.00458
   0.0046
   0.004979999999999999
   0.0052899999999999996
   0.00516
   0.00683
   0.0060999999999999995
   0.0064
   0.006899999999999999
   0.00751
   0.00756
   0.008119999999999999
   0.00847
   0.009569999999999999
   0.00911
   0.010499999999999999
   0.01051
   0.010529999999999998
   0.0115
   0.01293
   0.01333
   0.01464
   0.01436
   0.01451
   0.01608
   0.01626
   0.01758
   0.01991
   0.020799999999999996
   0.022899999999999997
   0.023719999999999998
   0.023149999999999997
   0.02709
   0.026529999999999998
   0.027
   0.028709999999999996
   0.03141
   0.03173
   0.034589999999999996
   0.03505
   0.03728
   0.03958999999999999
   0.04041999999999999
   0.043059999999999994
   0.045419999999999995
   0.04956
   0.050879999999999995
   0.05488
   0.05758
   0.06029999999999999
   0.06369999999999999
   0.06699
   0.07165
   0.07456
   0.08030999999999999
   0.0825
   0.08831
   0.09208999999999999
   0.09761
   0.09998
   0.10683
   0.11372
   0.1185
   0.12444
   0.13207
   0.13455
   0.14734999999999998
   0.15433999999999998
   0.16265000000000002
   0.17310999999999999
   0.17982
   0.18886
   0.20171
   0.21045999999999998
   0.22330999999999998
   0.23618
   0.24733999999999998
   0.26569
   0.27192999999999995
   0.29344
   0.30432
   0.32315999999999995
   0.34458999999999995
   0.35831
   0.3838
   0.40321999999999997
   0.42097999999999997
   0.44706
   0.46658999999999995
   0.49684999999999996
   0.5219199999999999
   0.54724
   0.57463
   0.61058
   0.64721
   0.66992
   0.72021
   0.75311
   0.7980099999999999
   0.84486
   0.88713
   0.9321699999999999
   0.97705
   1.0411
   1.0859
   1.15497
   1.21319
   1.29513
   1.3453399999999998
   1.42414
   1.49595
   1.5843999999999998
   1.6532099999999998
   1.7452999999999999
   1.8496799999999998
   2.6788499999999997
   2.7698
   2.8408099999999994
   2.86212
   2.87985
   2.89331
   2.86848
   2.8255999999999997
   2.76307
   2.6841199999999996
   1.84735
   1.7552499999999998
   1.6719999999999997
   1.5887
   1.50755
   1.42183
   1.3507099999999999
   1.27656
   1.2184499999999998
   1.15052
   1.08798
   1.03083
   0.9896499999999999
   0.9334899999999999
   0.8896
   0.8445900000000001
   0.79851
   0.7550999999999999
   0.71162
   0.68611
   0.6492199999999999
   0.61473
   0.58144
   0.54658
   0.52201
   0.49768999999999997
   0.46889
   0.44273999999999997
   0.42435
   0.39752
   0.38024
   0.35452999999999996
   0.34356
   0.33056
   0.30395999999999995
   0.29243
   0.27906
   0.25603
   0.25121999999999994
   0.23508
   0.22148
   0.21003999999999998
   0.20215
   0.19255999999999998
   0.18232
   0.17445999999999998
   0.16233
   0.15549
   0.14797
   0.13892
   0.13246
   0.12795
   0.12134
   0.11233
   0.10713999999999999
   0.10165
   0.09749000000000001
   0.091
   0.08600999999999999
   0.08191999999999999
   0.07687
   0.07382
   0.0674
   0.06623
   0.06259999999999999
   0.060969999999999996
   0.05755
   0.05432
   0.05014
   0.05002999999999999
   0.04575
   0.04350999999999999
   0.041929999999999995
   0.04128999999999999
   0.03801
   0.03575
   0.0337
   0.033139999999999996
   0.03225
   0.030409999999999996
   0.027809999999999998
   0.02792
   0.02448
   0.023089999999999996
   0.02225
   0.021339999999999998
   0.02045
   0.02062
   0.01889
   0.01807
   0.015909999999999997
   0.01513
   0.015439999999999999
   0.014450000000000001
   0.01304
   0.012359999999999998
   0.01157
   0.01121
   0.0109
   0.010679999999999999
   0.010219999999999998
   0.008809999999999998
   0.009099999999999999
   0.00791
   0.00856
   0.007619999999999999
   0.00709
   0.00652
   0.006679999999999999
   0.0064199999999999995
   0.0062499999999999995
   0.00545
   0.0052699999999999995
   0.004889999999999999
   0.004809999999999999
   0.0042899999999999995
   0.00378
   0.0039299999999999995
   0.0034699999999999996
   0.00362
   0.00398
   0.00335
   0.00315
   0.00307
   0.00277
   0.00232
   0.0025
   0.00209
   0.0020599999999999998
   0.0022299999999999998
   0.00189
   0.00201
   0.00173
   0.00129
   0.00146
   0.0013499999999999999
   0.00171
   0.0015799999999999998
   0.00114
   0.00124
   0.0009299999999999999
   0.00122
   0.0009899999999999998
   0.0007499999999999999
   0.00091
   0.00066
   0.00069
   0.00058
   0.00066
   0.00089
   0.0008500000000000001
   0.0007899999999999999
   0.00056
   0.0006
   0.0005099999999999999
   0.00061
   0.00049
   0.00035999999999999997
   0.00057
   0.00026999999999999995
   0.00038
   0.00033
   0.00041999999999999996
   0.00049
   0.00041999999999999996
   0.00034999999999999994
   0.00031
   0.00021999999999999998
   0.00021999999999999998
   0.00019
   0.00033
   0.00019
   0.00013
   0.00014
   0.00017999999999999998
   0.00031999999999999997
   0.00024
   0.00014
   0.00026999999999999995
   0.00017999999999999998
   0.00016999999999999999
   0.00017999999999999998
   0.00013
   0.0002
   0.00026
   0.00022999999999999998
   0.00017999999999999998
   0.00013
   7.999999999999999e-05
   0.00010999999999999999
   0.00013
   5e-05
   6e-05
   0.00015
   0.0002
   8.999999999999999e-05
   7e-05
   3e-05
   7e-05
   6e-05
   8.999999999999999e-05
   3.9999999999999996e-05
   0.0
   0.0
   3.9999999999999996e-05
   3.9999999999999996e-05
   3e-05
   9.999999999999999e-06
   1.9999999999999998e-05
   1.9999999999999998e-05
   9.999999999999999e-06
   1.9999999999999998e-05
   9.999999999999999e-06
   9.999999999999999e-06
   7e-05
   0.0
   0.0
   3e-05
   0.0
   3e-05
   0.0
   0.0
   0.0
   0.0
   0.0
   6e-05
   9.999999999999999e-06
   0.0
   3.9999999999999996e-05
   0.0
   0.0
   9.999999999999999e-06
   0.0
   9.999999999999999e-06
   0.0
   0.0
   0.0
   0.0
   0.0
   0.0
   0.0
   0.0
   0.0
   0.0
   0.0
   0.0
   0.0
   0.0
   0.0
   0.0
   0.0
   0.0
   0.0
   9.999999999999999e-06
   9.999999999999999e-06
   0.0
   0.0
   0.0
   0.0
   0.0
   0.0
   0.0
   0.0
   0.0
   0.0
   0.0
   0.0
   0.0
   0.0
   0.0
   0.0
   0.0
   0.0
   0.0
   0.0
   0.0
   0.0
   0.0
   0.0
   0.0
   0.0
   0.0
   0.0
   0.0
   0.0
   0.0
   0.0
   0.0
   0.0
   0.0
   0.0
   0.0
   0.0
   0.0
   0.0
   0.0
   0.0
   0.0
   0.0
   0.0
   0.0
   0.0
   0.0
   0.0
   0.0
   0.0
   0.0
   0.0
   0.0
   0.0
   0.0
   0.0
   0.0
   0.0
   0.0
   0.0
   0.0
   0.0
   0.0
   0.0
   0.0
   0.0
   0.0
   0.0
   0.0
   0.0
   0.0
   0.0
   0.0
   0.0
   0.0
   0.0
   0.0
   0.0
   0.0
   0.0
   0.0
   0.0
   0.0
   0.0
   0.0
   0.0
   0.0
   0.0
   0.0
   0.0
   0.0
   0.0
   0.0
   0.0
   0.0
   0.0
   0.0
   0.0
   0.0
   0.0
   0.0
   0.0
   0.0
   0.0
   0.0
   0.0
   0.0
   0.0
   0.0
   0.0
   0.0
   0.0
   0.0
   0.0
   0.0
   0.0
   0.0
   0.0
   0.0
   0.0
   0.0
   0.0
   0.0
   0.0
   0.0
   0.0
   0.0
   0.0
   0.0
   0.0
   0.0
   0.0
   0.0
   0.0
   0.0
   0.0
   0.0
   0.0
   0.0
