   0.0
   0.0
   0.0
   0.0
   0.0
   0.0
   0.0
   0.0
   0.0
   0.0
   0.0
   0.0
   0.0
   0.0
   0.0
   0.0
   0.0
   0.0
   0.0
   0.0
   0.0
   0.0
   0.0
   0.0
   0.0
   0.0
   0.0
   0.0
   0.0
   0.0
   0.0
   0.0
   0.0
   0.0
   0.0
   0.0
   0.0
   0.0
   0.0
   0.0
   0.0
   0.0
   0.0
   0.0
   0.0
   0.0
   0.0
   0.0
   0.0
   0.0
   0.0
   0.0
   0.0
   0.0
   0.0
   0.0
   0.0
   0.0
   0.0
   0.0
   0.0
   0.0
   0.0
   0.0
   0.0
   0.0
   0.0
   0.0
   0.0
   0.0
   0.0
   0.0
   0.0
   0.0
   0.0
   0.0
   0.0
   0.0
   0.0
   0.0
   0.0
   0.0
   0.0
   0.0
   0.0
   0.0
   0.0
   0.0
   0.0
   0.0
   0.0
   0.0
   0.0
   0.0
   0.0
   0.0
   0.0
   0.0
   0.0
   0.0
   0.0
   0.0
   0.0
   0.0
   0.0
   0.0
   0.0
   0.0
   0.0
   0.0
   0.0
   0.0
   0.0
   0.0
   0.0
   0.0
   0.0
   0.0
   0.0
   0.0
   0.0
   0.0
   0.0
   0.0
   0.0
   0.0
   0.0
   0.0
   0.0
   0.0
   0.0
   0.0
   0.0
   0.0
   0.0
   0.0
   0.0
   0.0
   0.0
   0.0
   0.0
   1e-06
   0.0
   0.0
   1e-06
   0.0
   0.0
   0.0
   0.0
   4e-06
   0.0
   0.0
   0.0
   0.0
   0.0
   0.0
   0.0
   0.0
   0.0
   0.0
   0.0
   0.0
   0.0
   1e-06
   0.0
   0.0
   0.0
   0.0
   0.0
   9e-06
   2e-06
   1.6e-05
   5e-06
   2e-06
   9e-06
   0.0
   6e-06
   2.2e-05
   5e-06
   2.1e-05
   3e-05
   4e-06
   2e-06
   1e-06
   1.4e-05
   2e-06
   1e-05
   1e-06
   1.4e-05
   2.8e-05
   1.8e-05
   1.2e-05
   0.0
   5e-06
   6e-06
   4.1e-05
   6e-06
   2.9e-05
   6e-06
   5e-06
   7.8e-05
   5.8e-05
   5.3e-05
   9.5e-05
   1.5e-05
   5.6e-05
   1.4e-05
   9e-06
   2e-05
   3.9e-05
   4.3e-05
   3.9e-05
   1.8e-05
   3.4e-05
   3.8e-05
   5.3e-05
   3.5e-05
   2.1e-05
   3.1e-05
   7.4e-05
   6.3e-05
   1.2e-05
   7.6e-05
   8.8e-05
   5e-05
   2.4e-05
   0.000135
   6.4e-05
   6.2e-05
   3.3e-05
   4.7e-05
   0.000129
   0.000219
   0.000115
   0.000138
   8.2e-05
   6.9e-05
   8.8e-05
   0.00011
   0.000236
   0.000193
   0.00017
   0.00017
   0.000157
   0.000241
   0.000196
   0.000311
   0.00021
   0.000266
   0.000276
   0.000221
   0.000421
   0.00045
   0.000278
   0.000413
   0.000252
   0.000425
   0.000296
   0.000354
   0.00033
   0.00053
   0.000467
   0.000674
   0.000432
   0.000416
   0.000682
   0.000545
   0.000685
   0.00066
   0.00071
   0.000761
   0.000732
   0.000966
   0.000946
   0.001056
   0.001103
   0.001143
   0.001268
   0.001342
   0.001153
   0.001272
   0.00125
   0.00138
   0.001497
   0.001324
   0.001965
   0.001666
   0.001762
   0.001974
   0.002099
   0.002078
   0.002204
   0.002261
   0.002545
   0.002517
   0.002666
   0.002789
   0.002699
   0.003102
   0.003579
   0.003939
   0.004286
   0.004064
   0.003701
   0.004542
   0.00454
   0.004758
   0.005531
   0.005858
   0.006764
   0.006618
   0.006237
   0.007709
   0.007189
   0.007482
   0.007927
   0.009039
   0.008685
   0.009645
   0.009719
   0.009938
   0.011203
   0.010912
   0.011672
   0.012334
   0.013988
   0.01389
   0.015092
   0.016382
   0.01663
   0.017342
   0.018379
   0.020353
   0.020462
   0.022313
   0.02283
   0.024497
   0.025287
   0.027547
   0.02724
   0.029245
   0.031656
   0.032674
   0.034142
   0.036459
   0.036011
   0.040037
   0.042852
   0.044757
   0.048189
   0.049028
   0.052068
   0.055273
   0.057996
   0.061531
   0.064428
   0.067702
   0.073511
   0.074661
   0.080184
   0.084678
   0.089068
   0.095071
   0.099311
   0.106588
   0.111518
   0.115058
   0.12218
   0.127881
   0.137105
   0.145796
   0.15038
   0.156719
   0.170036
   0.179201
   0.18328
   0.199335
   0.208531
   0.220301
   0.234466
   0.245127
   0.259315
   0.269929
   0.290878
   0.29914
   0.320599
   0.334993
   0.361483
   0.373178
   0.396608
   0.413663
   0.438724
   0.455703
   0.483504
   0.513456
   0.739617
   0.770448
   0.785615
   0.791866
   0.796593
   0.798929
   0.795556
   0.78228
   0.761463
   0.743114
   0.509703
   0.484751
   0.46299
   0.442046
   0.419001
   0.394455
   0.371281
   0.353768
   0.336521
   0.317984
   0.300418
   0.283233
   0.274963
   0.260545
   0.247948
   0.234319
   0.220375
   0.20817
   0.195872
   0.192291
   0.179624
   0.170941
   0.160652
   0.150512
   0.145375
   0.138971
   0.130133
   0.120612
   0.117751
   0.109096
   0.106112
   0.098483
   0.095972
   0.092624
   0.083496
   0.080577
   0.077176
   0.069921
   0.069468
   0.06387
   0.061616
   0.057614
   0.057249
   0.053294
   0.049614
   0.049228
   0.045409
   0.042933
   0.040001
   0.038182
   0.036402
   0.036123
   0.03397
   0.031441
   0.029918
   0.028299
   0.026975
   0.025612
   0.023869
   0.022122
   0.020899
   0.019704
   0.017918
   0.018391
   0.017646
   0.017517
   0.015753
   0.015296
   0.0138
   0.014025
   0.012583
   0.011607
   0.011529
   0.011157
   0.010667
   0.009481
   0.00943
   0.00916
   0.009353
   0.008471
   0.007641
   0.007728
   0.006552
   0.006257
   0.006101
   0.006042
   0.005721
   0.005598
   0.005649
   0.005075
   0.004425
   0.004121
   0.004004
   0.004027
   0.003522
   0.00335
   0.003097
   0.003099
   0.003152
   0.003128
   0.0029
   0.002433
   0.002572
   0.002099
   0.002414
   0.002328
   0.002115
   0.001756
   0.002044
   0.001726
   0.001799
   0.001371
   0.001243
   0.001199
   0.001371
   0.001267
   0.001108
   0.001091
   0.001019
   0.001034
   0.001132
   0.000953
   0.000975
   0.000945
   0.000757
   0.00058
   0.000652
   0.000461
   0.000572
   0.000547
   0.000441
   0.000531
   0.000481
   0.000341
   0.0004
   0.000357
   0.000517
   0.000594
   0.000284
   0.00033
   0.000229
   0.000428
   0.000251
   0.000191
   0.000227
   0.000132
   0.000193
   0.000198
   0.00013
   0.000239
   0.000223
   0.000233
   0.00016
   0.000134
   0.000125
   0.000165
   0.000125
   8.4e-05
   0.000171
   6.9e-05
   8e-05
   6.9e-05
   0.000112
   0.000167
   9e-05
   7.5e-05
   6.5e-05
   3.8e-05
   7e-05
   5.7e-05
   7.7e-05
   4.9e-05
   2.9e-05
   1.8e-05
   3.4e-05
   0.000168
   6.8e-05
   3.4e-05
   6.3e-05
   5.4e-05
   5.7e-05
   5e-05
   2.1e-05
   6.6e-05
   0.000108
   9.3e-05
   3.8e-05
   3.1e-05
   2.2e-05
   2.9e-05
   8.9e-05
   7e-06
   8e-06
   3.9e-05
   8.4e-05
   1.5e-05
   2.1e-05
   5e-06
   4.9e-05
   1e-05
   5.1e-05
   1e-05
   0.0
   0.0
   8e-06
   1.6e-05
   3e-06
   1e-06
   2e-06
   4e-06
   1e-06
   4e-06
   1e-06
   1e-06
   1.9e-05
   0.0
   0.0
   9e-06
   0.0
   9e-06
   0.0
   0.0
   0.0
   0.0
   0.0
   3.6e-05
   1e-06
   0.0
   8e-06
   0.0
   0.0
   1e-06
   0.0
   1e-06
   0.0
   0.0
   0.0
   0.0
   0.0
   0.0
   0.0
   0.0
   0.0
   0.0
   0.0
   0.0
   0.0
   0.0
   0.0
   0.0
   0.0
   0.0
   0.0
   1e-06
   1e-06
   0.0
   0.0
   0.0
   0.0
   0.0
   0.0
   0.0
   0.0
   0.0
   0.0
   0.0
   0.0
   0.0
   0.0
   0.0
   0.0
   0.0
   0.0
   0.0
   0.0
   0.0
   0.0
   0.0
   0.0
   0.0
   0.0
   0.0
   0.0
   0.0
   0.0
   0.0
   0.0
   0.0
   0.0
   0.0
   0.0
   0.0
   0.0
   0.0
   0.0
   0.0
   0.0
   0.0
   0.0
   0.0
   0.0
   0.0
   0.0
   0.0
   0.0
   0.0
   0.0
   0.0
   0.0
   0.0
   0.0
   0.0
   0.0
   0.0
   0.0
   0.0
   0.0
   0.0
   0.0
   0.0
   0.0
   0.0
   0.0
   0.0
   0.0
   0.0
   0.0
   0.0
   0.0
   0.0
   0.0
   0.0
   0.0
   0.0
   0.0
   0.0
   0.0
   0.0
   0.0
   0.0
   0.0
   0.0
   0.0
   0.0
   0.0
   0.0
   0.0
   0.0
   0.0
   0.0
   0.0
   0.0
   0.0
   0.0
   0.0
   0.0
   0.0
   0.0
   0.0
   0.0
   0.0
   0.0
   0.0
   0.0
   0.0
   0.0
   0.0
   0.0
   0.0
   0.0
   0.0
   0.0
   0.0
   0.0
   0.0
   0.0
   0.0
   0.0
   0.0
   0.0
   0.0
   0.0
   0.0
   0.0
   0.0
   0.0
   0.0
   0.0
   0.0
   0.0
   0.0
   0.0
   0.0
   0.0
   0.0
