   99.99999999999646
   100.04999999999646
   100.09999999999646
   100.14999999999645
   100.19999999999645
   100.24999999999645
   100.29999999999644
   100.34999999999644
   100.39999999999644
   100.44999999999644
   100.49999999999643
   100.54999999999643
   100.59999999999643
   100.64999999999642
   100.69999999999642
   100.74999999999642
   100.79999999999642
   100.84999999999641
   100.89999999999641
   100.94999999999641
   100.9999999999964
   101.0499999999964
   101.0999999999964
   101.1499999999964
   101.1999999999964
   101.24999999999639
   101.29999999999639
   101.34999999999638
   101.39999999999638
   101.44999999999638
   101.49999999999638
   101.54999999999637
   101.59999999999637
   101.64999999999637
   101.69999999999636
   101.74999999999636
   101.79999999999636
   101.84999999999636
   101.89999999999635
   101.94999999999635
   101.99999999999635
   102.04999999999634
   102.09999999999634
   102.14999999999634
   102.19999999999634
   102.24999999999633
   102.29999999999633
   102.34999999999633
   102.39999999999633
   102.44999999999632
   102.49999999999632
   102.54999999999632
   102.59999999999631
   102.64999999999631
   102.69999999999631
   102.7499999999963
   102.7999999999963
   102.8499999999963
   102.8999999999963
   102.9499999999963
   102.99999999999629
   103.04999999999629
   103.09999999999629
   103.14999999999628
   103.19999999999628
   103.24999999999628
   103.29999999999627
   103.34999999999627
   103.39999999999627
   103.44999999999627
   103.49999999999626
   103.54999999999626
   103.59999999999626
   103.64999999999625
   103.69999999999625
   103.74999999999625
   103.79999999999625
   103.84999999999624
   103.89999999999624
   103.94999999999624
   103.99999999999623
   104.04999999999623
   104.09999999999623
   104.14999999999623
   104.19999999999622
   104.24999999999622
   104.29999999999622
   104.34999999999621
   104.39999999999621
   104.44999999999621
   104.4999999999962
   104.5499999999962
   104.5999999999962
   104.6499999999962
   104.6999999999962
   104.74999999999619
   104.79999999999619
   104.84999999999619
   104.89999999999618
   104.94999999999618
   104.99999999999618
   105.04999999999617
   105.09999999999617
   105.14999999999617
   105.19999999999617
   105.24999999999616
   105.29999999999616
   105.34999999999616
   105.39999999999615
   105.44999999999615
   105.49999999999615
   105.54999999999615
   105.59999999999614
   105.64999999999614
   105.69999999999614
   105.74999999999613
   105.79999999999613
   105.84999999999613
   105.89999999999613
   105.94999999999612
   105.99999999999612
   106.04999999999612
   106.09999999999611
   106.14999999999611
   106.19999999999611
   106.2499999999961
   106.2999999999961
   106.3499999999961
   106.3999999999961
   106.4499999999961
   106.49999999999609
   106.54999999999609
   106.59999999999609
   106.64999999999608
   106.69999999999608
   106.74999999999608
   106.79999999999607
   106.84999999999607
   106.89999999999607
   106.94999999999607
   106.99999999999606
   107.04999999999606
   107.09999999999606
   107.14999999999606
   107.19999999999605
   107.24999999999605
   107.29999999999605
   107.34999999999604
   107.39999999999604
   107.44999999999604
   107.49999999999604
   107.54999999999603
   107.59999999999603
   107.64999999999603
   107.69999999999602
   107.74999999999602
   107.79999999999602
   107.84999999999602
   107.89999999999601
   107.94999999999601
   107.999999999996
   108.049999999996
   108.099999999996
   108.149999999996
   108.199999999996
   108.24999999999599
   108.29999999999599
   108.34999999999599
   108.39999999999598
   108.44999999999598
   108.49999999999598
   108.54999999999598
   108.59999999999597
   108.64999999999597
   108.69999999999597
   108.74999999999596
   108.79999999999596
   108.84999999999596
   108.89999999999596
   108.94999999999595
   108.99999999999595
   109.04999999999595
   109.09999999999594
   109.14999999999594
   109.19999999999594
   109.24999999999594
   109.29999999999593
   109.34999999999593
   109.39999999999593
   109.44999999999592
   109.49999999999592
   109.54999999999592
   109.59999999999592
   109.64999999999591
   109.69999999999591
   109.74999999999591
   109.7999999999959
   109.8499999999959
   109.8999999999959
   109.9499999999959
   109.9999999999959
   110.04999999999589
   110.09999999999589
   110.14999999999588
   110.19999999999588
   110.24999999999588
   110.29999999999588
   110.34999999999587
   110.39999999999587
   110.44999999999587
   110.49999999999586
   110.54999999999586
   110.59999999999586
   110.64999999999586
   110.69999999999585
   110.74999999999585
   110.79999999999585
   110.84999999999584
   110.89999999999584
   110.94999999999584
   110.99999999999584
   111.04999999999583
   111.09999999999583
   111.14999999999583
   111.19999999999582
   111.24999999999582
   111.29999999999582
   111.34999999999582
   111.39999999999581
   111.44999999999581
   111.49999999999581
   111.5499999999958
   111.5999999999958
   111.6499999999958
   111.6999999999958
   111.7499999999958
   111.79999999999579
   111.84999999999579
   111.89999999999579
   111.94999999999578
   111.99999999999578
   112.04999999999578
   112.09999999999577
   112.14999999999577
   112.19999999999577
   112.24999999999577
   112.29999999999576
   112.34999999999576
   112.39999999999576
   112.44999999999575
   112.49999999999575
   112.54999999999575
   112.59999999999575
   112.64999999999574
   112.69999999999574
   112.74999999999574
   112.79999999999573
   112.84999999999573
   112.89999999999573
   112.94999999999573
   112.99999999999572
   113.04999999999572
   113.09999999999572
   113.14999999999571
   113.19999999999571
   113.24999999999571
   113.2999999999957
   113.3499999999957
   113.3999999999957
   113.4499999999957
   113.4999999999957
   113.54999999999569
   113.59999999999569
   113.64999999999569
   113.69999999999568
   113.74999999999568
   113.79999999999568
   113.84999999999567
   113.89999999999567
   113.94999999999567
   113.99999999999567
   114.04999999999566
   114.09999999999566
   114.14999999999566
   114.19999999999565
   114.24999999999565
   114.29999999999565
   114.34999999999565
   114.39999999999564
   114.44999999999564
   114.49999999999564
   114.54999999999563
   114.59999999999563
   114.64999999999563
   114.69999999999563
   114.74999999999562
   114.79999999999562
   114.84999999999562
   114.89999999999561
   114.94999999999561
   114.99999999999561
   115.0499999999956
   115.0999999999956
   115.1499999999956
   115.1999999999956
   115.2499999999956
   115.29999999999559
   115.34999999999559
   115.39999999999559
   115.44999999999558
   115.49999999999558
   115.54999999999558
   115.59999999999557
   115.64999999999557
   115.69999999999557
   115.74999999999557
   115.79999999999556
   115.84999999999556
   115.89999999999556
   115.94999999999555
   115.99999999999555
   116.04999999999555
   116.09999999999555
   116.14999999999554
   116.19999999999554
   116.24999999999554
   116.29999999999553
   116.34999999999553
   116.39999999999553
   116.44999999999553
   116.49999999999552
   116.54999999999552
   116.59999999999552
   116.64999999999552
   116.69999999999551
   116.74999999999551
   116.7999999999955
   116.8499999999955
   116.8999999999955
   116.9499999999955
   116.9999999999955
   117.04999999999549
   117.09999999999549
   117.14999999999549
   117.19999999999548
   117.24999999999548
   117.29999999999548
   117.34999999999548
   117.39999999999547
   117.44999999999547
   117.49999999999547
   117.54999999999546
   117.59999999999546
   117.64999999999546
   117.69999999999546
   117.74999999999545
   117.79999999999545
   117.84999999999545
   117.89999999999544
   117.94999999999544
   117.99999999999544
   118.04999999999544
   118.09999999999543
   118.14999999999543
   118.19999999999543
   118.24999999999542
   118.29999999999542
   118.34999999999542
   118.39999999999542
   118.44999999999541
   118.49999999999541
   118.5499999999954
   118.5999999999954
   118.6499999999954
   118.6999999999954
   118.7499999999954
   118.79999999999539
   118.84999999999539
   118.89999999999539
   118.94999999999538
   118.99999999999538
   119.04999999999538
   119.09999999999538
   119.14999999999537
   119.19999999999537
   119.24999999999537
   119.29999999999536
   119.34999999999536
   119.39999999999536
   119.44999999999536
   119.49999999999535
   119.54999999999535
   119.59999999999535
   119.64999999999534
   119.69999999999534
   119.74999999999534
   119.79999999999534
   119.84999999999533
   119.89999999999533
   119.94999999999533
   119.99999999999532
   120.04999999999532
   120.09999999999532
   120.14999999999532
   120.19999999999531
   120.24999999999531
   120.29999999999531
   120.3499999999953
   120.3999999999953
   120.4499999999953
   120.4999999999953
   120.5499999999953
   120.59999999999529
   120.64999999999529
   120.69999999999528
   120.74999999999528
   120.79999999999528
   120.84999999999528
   120.89999999999527
   120.94999999999527
   120.99999999999527
   121.04999999999526
   121.09999999999526
   121.14999999999526
   121.19999999999526
   121.24999999999525
   121.29999999999525
   121.34999999999525
   121.39999999999525
   121.44999999999524
   121.49999999999524
   121.54999999999524
   121.59999999999523
   121.64999999999523
   121.69999999999523
   121.74999999999523
   121.79999999999522
   121.84999999999522
   121.89999999999522
   121.94999999999521
   121.99999999999521
   122.04999999999521
   122.0999999999952
   122.1499999999952
   122.1999999999952
   122.2499999999952
   122.2999999999952
   122.34999999999519
   122.39999999999519
   122.44999999999519
   122.49999999999518
   122.54999999999518
   122.59999999999518
   122.64999999999517
   122.69999999999517
   122.74999999999517
   122.79999999999517
   122.84999999999516
   122.89999999999516
   122.94999999999516
   122.99999999999515
   123.04999999999515
   123.09999999999515
   123.14999999999515
   123.19999999999514
   123.24999999999514
   123.29999999999514
   123.34999999999513
   123.39999999999513
   123.44999999999513
   123.49999999999513
   123.54999999999512
   123.59999999999512
   123.64999999999512
   123.69999999999511
   123.74999999999511
   123.79999999999511
   123.8499999999951
   123.8999999999951
   123.9499999999951
   123.9999999999951
   124.0499999999951
   124.09999999999509
   124.14999999999509
   124.19999999999509
   124.24999999999508
   124.29999999999508
   124.34999999999508
   124.39999999999507
   124.44999999999507
   124.49999999999507
   124.54999999999507
   124.59999999999506
   124.64999999999506
   124.69999999999506
   124.74999999999505
   124.79999999999505
   124.84999999999505
   124.89999999999505
   124.94999999999504
   124.99999999999504
   125.04999999999504
   125.09999999999503
   125.14999999999503
   125.19999999999503
   125.24999999999503
   125.29999999999502
   125.34999999999502
   125.39999999999502
   125.44999999999501
   125.49999999999501
   125.54999999999501
   125.599999999995
   125.649999999995
   125.699999999995
   125.749999999995
   125.799999999995
   125.84999999999499
   125.89999999999499
   125.94999999999499
   125.99999999999498
   126.04999999999498
   126.09999999999498
   126.14999999999498
   126.19999999999497
   126.24999999999497
   126.29999999999497
   126.34999999999496
   126.39999999999496
   126.44999999999496
   126.49999999999496
   126.54999999999495
   126.59999999999495
   126.64999999999495
   126.69999999999494
   126.74999999999494
   126.79999999999494
   126.84999999999494
   126.89999999999493
   126.94999999999493
   126.99999999999493
   127.04999999999492
   127.09999999999492
   127.14999999999492
   127.19999999999492
   127.24999999999491
   127.29999999999491
   127.3499999999949
   127.3999999999949
   127.4499999999949
   127.4999999999949
   127.5499999999949
   127.59999999999489
   127.64999999999489
   127.69999999999489
   127.74999999999488
   127.79999999999488
   127.84999999999488
   127.89999999999488
   127.94999999999487
   127.99999999999487
   128.04999999999487
   128.09999999999488
   128.1499999999949
   128.1999999999949
   128.2499999999949
   128.29999999999492
   128.34999999999494
   128.39999999999495
   128.44999999999496
   128.49999999999497
   128.54999999999498
   128.599999999995
   128.649999999995
   128.69999999999501
   128.74999999999503
   128.79999999999504
   128.84999999999505
   128.89999999999506
   128.94999999999507
   128.99999999999508
   129.0499999999951
   129.0999999999951
   129.14999999999512
   129.19999999999513
   129.24999999999514
   129.29999999999515
   129.34999999999516
   129.39999999999517
   129.44999999999519
   129.4999999999952
   129.5499999999952
   129.59999999999522
   129.64999999999523
   129.69999999999524
   129.74999999999525
   129.79999999999526
   129.84999999999528
   129.8999999999953
   129.9499999999953
   129.9999999999953
   130.04999999999532
   130.09999999999533
   130.14999999999534
   130.19999999999536
   130.24999999999537
   130.29999999999538
   130.3499999999954
   130.3999999999954
   130.4499999999954
   130.49999999999542
   130.54999999999544
   130.59999999999545
   130.64999999999546
   130.69999999999547
   130.74999999999548
   130.7999999999955
   130.8499999999955
   130.89999999999552
   130.94999999999553
   130.99999999999554
   131.04999999999555
   131.09999999999556
   131.14999999999557
   131.19999999999558
   131.2499999999956
   131.2999999999956
   131.34999999999562
   131.39999999999563
   131.44999999999564
   131.49999999999565
   131.54999999999566
   131.59999999999567
   131.64999999999569
   131.6999999999957
   131.7499999999957
   131.79999999999572
   131.84999999999573
   131.89999999999574
   131.94999999999575
   131.99999999999577
   132.04999999999578
   132.0999999999958
   132.1499999999958
   132.1999999999958
   132.24999999999582
   132.29999999999583
   132.34999999999584
   132.39999999999586
   132.44999999999587
   132.49999999999588
   132.5499999999959
   132.5999999999959
   132.6499999999959
   132.69999999999592
   132.74999999999594
   132.79999999999595
   132.84999999999596
   132.89999999999597
   132.94999999999598
   132.999999999996
   133.049999999996
   133.09999999999602
   133.14999999999603
   133.19999999999604
   133.24999999999605
   133.29999999999606
   133.34999999999607
   133.39999999999608
   133.4499999999961
   133.4999999999961
   133.54999999999612
   133.59999999999613
   133.64999999999614
   133.69999999999615
   133.74999999999616
   133.79999999999617
   133.8499999999962
   133.8999999999962
   133.9499999999962
   133.99999999999622
   134.04999999999623
   134.09999999999624
   134.14999999999625
   134.19999999999627
   134.24999999999628
   134.2999999999963
   134.3499999999963
   134.3999999999963
   134.44999999999632
   134.49999999999633
   134.54999999999634
   134.59999999999636
   134.64999999999637
   134.69999999999638
   134.7499999999964
   134.7999999999964
   134.8499999999964
   134.89999999999642
   134.94999999999644
   134.99999999999645
   135.04999999999646
   135.09999999999647
   135.14999999999648
   135.1999999999965
   135.2499999999965
   135.29999999999652
   135.34999999999653
   135.39999999999654
   135.44999999999655
   135.49999999999656
   135.54999999999657
   135.59999999999658
   135.6499999999966
   135.6999999999966
   135.74999999999662
   135.79999999999663
   135.84999999999664
   135.89999999999665
   135.94999999999666
   135.99999999999667
   136.0499999999967
   136.0999999999967
   136.1499999999967
   136.19999999999672
   136.24999999999673
   136.29999999999674
   136.34999999999675
   136.39999999999677
   136.44999999999678
   136.4999999999968
   136.5499999999968
   136.5999999999968
   136.64999999999682
   136.69999999999683
   136.74999999999685
   136.79999999999686
   136.84999999999687
   136.89999999999688
   136.9499999999969
   136.9999999999969
   137.0499999999969
   137.09999999999692
   137.14999999999694
   137.19999999999695
   137.24999999999696
   137.29999999999697
   137.34999999999698
   137.399999999997
   137.449999999997
   137.49999999999702
   137.54999999999703
   137.59999999999704
   137.64999999999705
   137.69999999999706
   137.74999999999707
   137.79999999999708
   137.8499999999971
   137.8999999999971
   137.94999999999712
   137.99999999999713
   138.04999999999714
   138.09999999999715
   138.14999999999716
   138.19999999999717
   138.2499999999972
   138.2999999999972
   138.3499999999972
   138.39999999999722
   138.44999999999723
   138.49999999999724
   138.54999999999725
   138.59999999999727
   138.64999999999728
   138.6999999999973
   138.7499999999973
   138.7999999999973
   138.84999999999732
   138.89999999999733
   138.94999999999735
   138.99999999999736
   139.04999999999737
   139.09999999999738
   139.1499999999974
   139.1999999999974
   139.2499999999974
   139.29999999999742
   139.34999999999744
   139.39999999999745
   139.44999999999746
   139.49999999999747
   139.54999999999748
   139.5999999999975
   139.6499999999975
   139.69999999999752
   139.74999999999753
   139.79999999999754
   139.84999999999755
   139.89999999999756
   139.94999999999757
   139.99999999999758
   140.0499999999976
   140.0999999999976
   140.14999999999762
   140.19999999999763
   140.24999999999764
   140.29999999999765
   140.34999999999766
   140.39999999999768
   140.4499999999977
   140.4999999999977
   140.5499999999977
   140.59999999999772
   140.64999999999773
   140.69999999999774
   140.74999999999775
   140.79999999999777
   140.84999999999778
   140.8999999999978
   140.9499999999978
   140.9999999999978
   141.04999999999782
   141.09999999999783
   141.14999999999785
   141.19999999999786
   141.24999999999787
   141.29999999999788
   141.3499999999979
   141.3999999999979
   141.4499999999979
   141.49999999999793
   141.54999999999794
   141.59999999999795
   141.64999999999796
   141.69999999999797
   141.74999999999798
   141.799999999998
   141.849999999998
   141.89999999999802
   141.94999999999803
   141.99999999999804
   142.04999999999805
   142.09999999999806
   142.14999999999807
   142.19999999999808
   142.2499999999981
   142.2999999999981
   142.34999999999812
   142.39999999999813
   142.44999999999814
   142.49999999999815
   142.54999999999816
   142.59999999999818
   142.6499999999982
   142.6999999999982
   142.7499999999982
   142.79999999999822
   142.84999999999823
   142.89999999999824
   142.94999999999825
   142.99999999999827
   143.04999999999828
   143.0999999999983
   143.1499999999983
   143.1999999999983
   143.24999999999832
   143.29999999999833
   143.34999999999835
   143.39999999999836
   143.44999999999837
   143.49999999999838
   143.5499999999984
   143.5999999999984
   143.6499999999984
   143.69999999999843
   143.74999999999844
   143.79999999999845
   143.84999999999846
   143.89999999999847
   143.94999999999848
   143.9999999999985
   144.0499999999985
   144.09999999999852
   144.14999999999853
   144.19999999999854
   144.24999999999855
   144.29999999999856
   144.34999999999857
   144.39999999999858
   144.4499999999986
   144.4999999999986
   144.54999999999862
   144.59999999999863
   144.64999999999864
   144.69999999999865
   144.74999999999866
   144.79999999999868
   144.8499999999987
   144.8999999999987
   144.9499999999987
   144.99999999999872
   145.04999999999873
   145.09999999999874
   145.14999999999876
   145.19999999999877
   145.24999999999878
   145.2999999999988
   145.3499999999988
   145.3999999999988
   145.44999999999882
   145.49999999999883
   145.54999999999885
   145.59999999999886
   145.64999999999887
   145.69999999999888
   145.7499999999989
   145.7999999999989
   145.84999999999891
   145.89999999999893
   145.94999999999894
   145.99999999999895
   146.04999999999896
   146.09999999999897
   146.14999999999898
   146.199999999999
   146.249999999999
   146.29999999999902
   146.34999999999903
   146.39999999999904
   146.44999999999905
   146.49999999999906
   146.54999999999907
   146.59999999999908
   146.6499999999991
   146.6999999999991
   146.74999999999912
   146.79999999999913
   146.84999999999914
   146.89999999999915
   146.94999999999916
   146.99999999999918
   147.0499999999992
   147.0999999999992
   147.1499999999992
   147.19999999999922
   147.24999999999923
   147.29999999999924
   147.34999999999926
   147.39999999999927
   147.44999999999928
   147.4999999999993
   147.5499999999993
   147.5999999999993
   147.64999999999932
   147.69999999999933
   147.74999999999935
   147.79999999999936
   147.84999999999937
   147.89999999999938
   147.9499999999994
   147.9999999999994
   148.04999999999941
   148.09999999999943
   148.14999999999944
   148.19999999999945
   148.24999999999946
   148.29999999999947
   148.34999999999948
   148.3999999999995
   148.4499999999995
   148.49999999999952
   148.54999999999953
   148.59999999999954
   148.64999999999955
   148.69999999999956
   148.74999999999957
   148.79999999999959
   148.8499999999996
   148.8999999999996
   148.94999999999962
   148.99999999999963
   149.04999999999964
   149.09999999999965
   149.14999999999966
   149.19999999999968
   149.2499999999997
   149.2999999999997
   149.3499999999997
   149.39999999999972
   149.44999999999973
   149.49999999999974
   149.54999999999976
   149.59999999999977
   149.64999999999978
   149.6999999999998
   149.7499999999998
   149.7999999999998
   149.84999999999982
   149.89999999999984
   149.94999999999985
   149.99999999999986
   150.04999999999987
   150.09999999999988
   150.1499999999999
   150.1999999999999
   150.24999999999991
   150.29999999999993
   150.34999999999994
   150.39999999999995
   150.44999999999996
   150.49999999999997
   150.54999999999998
   150.6
   150.65
   150.70000000000002
   150.75000000000003
   150.80000000000004
   150.85000000000005
   150.90000000000006
   150.95000000000007
   151.00000000000009
   151.0500000000001
   151.1000000000001
   151.15000000000012
   151.20000000000013
   151.25000000000014
   151.30000000000015
   151.35000000000016
   151.40000000000018
   151.4500000000002
   151.5000000000002
   151.5500000000002
   151.60000000000022
   151.65000000000023
   151.70000000000024
   151.75000000000026
   151.80000000000027
   151.85000000000028
   151.9000000000003
   151.9500000000003
   152.0000000000003
   152.05000000000032
   152.10000000000034
   152.15000000000035
   152.20000000000036
   152.25000000000037
   152.30000000000038
   152.3500000000004
   152.4000000000004
   152.45000000000041
   152.50000000000043
   152.55000000000044
   152.60000000000045
   152.65000000000046
   152.70000000000047
   152.75000000000048
   152.8000000000005
   152.8500000000005
   152.90000000000052
   152.95000000000053
   153.00000000000054
   153.05000000000055
   153.10000000000056
   153.15000000000057
   153.20000000000059
   153.2500000000006
   153.3000000000006
   153.35000000000062
   153.40000000000063
   153.45000000000064
   153.50000000000065
   153.55000000000067
   153.60000000000068
   153.6500000000007
   153.7000000000007
   153.7500000000007
   153.80000000000072
   153.85000000000073
   153.90000000000074
   153.95000000000076
   154.00000000000077
   154.05000000000078
   154.1000000000008
   154.1500000000008
   154.2000000000008
   154.25000000000082
   154.30000000000084
   154.35000000000085
   154.40000000000086
   154.45000000000087
   154.50000000000088
   154.5500000000009
   154.6000000000009
   154.65000000000092
   154.70000000000093
   154.75000000000094
   154.80000000000095
   154.85000000000096
   154.90000000000097
   154.95000000000098
   155.000000000001
   155.050000000001
   155.10000000000102
   155.15000000000103
   155.20000000000104
   155.25000000000105
   155.30000000000106
   155.35000000000107
   155.40000000000109
   155.4500000000011
   155.5000000000011
   155.55000000000112
   155.60000000000113
   155.65000000000114
   155.70000000000115
   155.75000000000117
   155.80000000000118
   155.8500000000012
   155.9000000000012
   155.9500000000012
   156.00000000000122
   156.05000000000123
   156.10000000000124
   156.15000000000126
   156.20000000000127
   156.25000000000128
   156.3000000000013
   156.3500000000013
   156.4000000000013
   156.45000000000132
   156.50000000000134
   156.55000000000135
   156.60000000000136
   156.65000000000137
   156.70000000000138
   156.7500000000014
   156.8000000000014
   156.85000000000142
   156.90000000000143
   156.95000000000144
   157.00000000000145
   157.05000000000146
   157.10000000000147
   157.15000000000148
   157.2000000000015
   157.2500000000015
   157.30000000000152
   157.35000000000153
   157.40000000000154
   157.45000000000155
   157.50000000000156
   157.55000000000157
   157.6000000000016
   157.6500000000016
   157.7000000000016
   157.75000000000162
   157.80000000000163
   157.85000000000164
   157.90000000000165
   157.95000000000167
   158.00000000000168
   158.0500000000017
   158.1000000000017
   158.1500000000017
   158.20000000000172
   158.25000000000173
   158.30000000000175
   158.35000000000176
   158.40000000000177
   158.45000000000178
   158.5000000000018
   158.5500000000018
   158.6000000000018
   158.65000000000182
   158.70000000000184
   158.75000000000185
   158.80000000000186
   158.85000000000187
   158.90000000000188
   158.9500000000019
   159.0000000000019
   159.05000000000192
   159.10000000000193
   159.15000000000194
   159.20000000000195
   159.25000000000196
   159.30000000000197
   159.35000000000198
   159.400000000002
   159.450000000002
   159.50000000000202
   159.55000000000203
   159.60000000000204
   159.65000000000205
   159.70000000000206
   159.75000000000207
   159.8000000000021
   159.8500000000021
   159.9000000000021
   159.95000000000212
   160.00000000000213
   160.05000000000214
   160.10000000000215
   160.15000000000217
   160.20000000000218
   160.2500000000022
   160.3000000000022
   160.3500000000022
   160.40000000000222
   160.45000000000223
   160.50000000000225
   160.55000000000226
   160.60000000000227
   160.65000000000228
   160.7000000000023
   160.7500000000023
   160.8000000000023
   160.85000000000232
   160.90000000000234
   160.95000000000235
   161.00000000000236
   161.05000000000237
   161.10000000000238
   161.1500000000024
   161.2000000000024
   161.25000000000242
   161.30000000000243
   161.35000000000244
   161.40000000000245
   161.45000000000246
   161.50000000000247
   161.55000000000248
   161.6000000000025
   161.6500000000025
   161.70000000000252
   161.75000000000253
   161.80000000000254
   161.85000000000255
   161.90000000000256
   161.95000000000258
   162.0000000000026
   162.0500000000026
   162.1000000000026
   162.15000000000262
   162.20000000000263
   162.25000000000264
   162.30000000000265
   162.35000000000267
   162.40000000000268
   162.4500000000027
   162.5000000000027
   162.5500000000027
   162.60000000000272
   162.65000000000273
   162.70000000000275
   162.75000000000276
   162.80000000000277
   162.85000000000278
   162.9000000000028
   162.9500000000028
   163.0000000000028
   163.05000000000283
   163.10000000000284
   163.15000000000285
   163.20000000000286
   163.25000000000287
   163.30000000000288
   163.3500000000029
   163.4000000000029
   163.45000000000292
   163.50000000000293
   163.55000000000294
   163.60000000000295
   163.65000000000296
   163.70000000000297
   163.75000000000298
   163.800000000003
   163.850000000003
   163.90000000000302
   163.95000000000303
   164.00000000000304
   164.05000000000305
   164.10000000000306
   164.15000000000308
   164.2000000000031
   164.2500000000031
   164.3000000000031
   164.35000000000312
   164.40000000000313
   164.45000000000314
   164.50000000000315
   164.55000000000317
   164.60000000000318
   164.6500000000032
   164.7000000000032
   164.7500000000032
   164.80000000000322
   164.85000000000323
   164.90000000000325
   164.95000000000326
   165.00000000000327
   165.05000000000328
   165.1000000000033
   165.1500000000033
   165.2000000000033
   165.25000000000333
   165.30000000000334
   165.35000000000335
   165.40000000000336
   165.45000000000337
   165.50000000000338
   165.5500000000034
   165.6000000000034
   165.65000000000342
   165.70000000000343
   165.75000000000344
   165.80000000000345
   165.85000000000346
   165.90000000000347
   165.95000000000348
   166.0000000000035
   166.0500000000035
   166.10000000000352
   166.15000000000353
   166.20000000000354
   166.25000000000355
   166.30000000000356
   166.35000000000358
   166.4000000000036
   166.4500000000036
   166.5000000000036
   166.55000000000362
   166.60000000000363
   166.65000000000364
   166.70000000000366
   166.75000000000367
   166.80000000000368
   166.8500000000037
   166.9000000000037
   166.9500000000037
   167.00000000000372
   167.05000000000373
   167.10000000000375
   167.15000000000376
   167.20000000000377
   167.25000000000378
   167.3000000000038
   167.3500000000038
   167.4000000000038
   167.45000000000383
   167.50000000000384
   167.55000000000385
   167.60000000000386
   167.65000000000387
   167.70000000000388
   167.7500000000039
   167.8000000000039
   167.85000000000392
   167.90000000000393
   167.95000000000394
   168.00000000000395
   168.05000000000396
   168.10000000000397
   168.15000000000398
   168.200000000004
   168.250000000004
   168.30000000000402
   168.35000000000403
   168.40000000000404
   168.45000000000405
   168.50000000000406
   168.55000000000408
   168.6000000000041
   168.6500000000041
   168.7000000000041
   168.75000000000412
   168.80000000000413
   168.85000000000414
   168.90000000000416
   168.95000000000417
   169.00000000000418
   169.0500000000042
   169.1000000000042
   169.1500000000042
   169.20000000000422
   169.25000000000423
   169.30000000000425
   169.35000000000426
   169.40000000000427
   169.45000000000428
   169.5000000000043
   169.5500000000043
   169.60000000000431
   169.65000000000433
   169.70000000000434
   169.75000000000435
   169.80000000000436
   169.85000000000437
   169.90000000000438
   169.9500000000044
   170.0000000000044
   170.05000000000442
   170.10000000000443
   170.15000000000444
   170.20000000000445
   170.25000000000446
   170.30000000000447
   170.35000000000448
   170.4000000000045
   170.4500000000045
   170.50000000000452
   170.55000000000453
   170.60000000000454
   170.65000000000455
   170.70000000000456
   170.75000000000458
   170.8000000000046
   170.8500000000046
   170.9000000000046
   170.95000000000462
   171.00000000000463
   171.05000000000464
   171.10000000000466
   171.15000000000467
   171.20000000000468
   171.2500000000047
   171.3000000000047
   171.3500000000047
   171.40000000000472
   171.45000000000474
   171.50000000000475
   171.55000000000476
   171.60000000000477
   171.65000000000478
   171.7000000000048
   171.7500000000048
   171.80000000000481
   171.85000000000483
   171.90000000000484
   171.95000000000485
   172.00000000000486
   172.05000000000487
   172.10000000000488
   172.1500000000049
   172.2000000000049
   172.25000000000492
   172.30000000000493
   172.35000000000494
   172.40000000000495
   172.45000000000496
   172.50000000000497
   172.55000000000499
   172.600000000005
   172.650000000005
   172.70000000000502
   172.75000000000503
   172.80000000000504
   172.85000000000505
   172.90000000000506
   172.95000000000508
   173.0000000000051
   173.0500000000051
   173.1000000000051
   173.15000000000512
   173.20000000000513
   173.25000000000514
   173.30000000000516
   173.35000000000517
   173.40000000000518
   173.4500000000052
   173.5000000000052
   173.5500000000052
   173.60000000000522
   173.65000000000524
   173.70000000000525
   173.75000000000526
   173.80000000000527
   173.85000000000528
   173.9000000000053
   173.9500000000053
   174.00000000000531
   174.05000000000533
   174.10000000000534
   174.15000000000535
   174.20000000000536
   174.25000000000537
   174.30000000000538
   174.3500000000054
   174.4000000000054
   174.45000000000542
   174.50000000000543
   174.55000000000544
   174.60000000000545
   174.65000000000546
   174.70000000000547
   174.75000000000549
   174.8000000000055
   174.8500000000055
   174.90000000000552
   174.95000000000553
   175.00000000000554
   175.05000000000555
   175.10000000000556
   175.15000000000558
   175.2000000000056
   175.2500000000056
   175.3000000000056
   175.35000000000562
   175.40000000000563
   175.45000000000564
   175.50000000000566
   175.55000000000567
   175.60000000000568
   175.6500000000057
   175.7000000000057
   175.7500000000057
   175.80000000000572
   175.85000000000574
   175.90000000000575
   175.95000000000576
   176.00000000000577
   176.05000000000578
   176.1000000000058
   176.1500000000058
   176.20000000000582
   176.25000000000583
   176.30000000000584
   176.35000000000585
   176.40000000000586
   176.45000000000587
   176.50000000000588
   176.5500000000059
   176.6000000000059
   176.65000000000592
   176.70000000000593
   176.75000000000594
   176.80000000000595
   176.85000000000596
   176.90000000000597
   176.95000000000599
   177.000000000006
   177.050000000006
   177.10000000000602
   177.15000000000603
   177.20000000000604
   177.25000000000605
   177.30000000000607
   177.35000000000608
   177.4000000000061
   177.4500000000061
   177.5000000000061
   177.55000000000612
   177.60000000000613
   177.65000000000614
   177.70000000000616
   177.75000000000617
   177.80000000000618
   177.8500000000062
   177.9000000000062
   177.9500000000062
   178.00000000000622
   178.05000000000624
   178.10000000000625
   178.15000000000626
   178.20000000000627
   178.25000000000628
   178.3000000000063
   178.3500000000063
   178.40000000000632
   178.45000000000633
   178.50000000000634
   178.55000000000635
   178.60000000000636
   178.65000000000637
   178.70000000000638
   178.7500000000064
   178.8000000000064
   178.85000000000642
   178.90000000000643
   178.95000000000644
   179.00000000000645
   179.05000000000646
   179.10000000000647
   179.1500000000065
   179.2000000000065
   179.2500000000065
   179.30000000000652
   179.35000000000653
   179.40000000000654
   179.45000000000655
   179.50000000000657
   179.55000000000658
   179.6000000000066
   179.6500000000066
   179.7000000000066
   179.75000000000662
   179.80000000000663
   179.85000000000664
   179.90000000000666
   179.95000000000667
   180.00000000000668
   180.0500000000067
   180.1000000000067
   180.1500000000067
   180.20000000000672
   180.25000000000674
   180.30000000000675
   180.35000000000676
   180.40000000000677
   180.45000000000678
   180.5000000000068
   180.5500000000068
   180.60000000000682
   180.65000000000683
   180.70000000000684
   180.75000000000685
   180.80000000000686
   180.85000000000687
   180.90000000000688
   180.9500000000069
   181.0000000000069
   181.05000000000692
   181.10000000000693
   181.15000000000694
   181.20000000000695
   181.25000000000696
   181.30000000000697
   181.350000000007
   181.400000000007
   181.450000000007
   181.50000000000702
   181.55000000000703
   181.60000000000704
   181.65000000000705
   181.70000000000707
   181.75000000000708
   181.8000000000071
   181.8500000000071
   181.9000000000071
   181.95000000000712
   182.00000000000713
   182.05000000000715
   182.10000000000716
   182.15000000000717
   182.20000000000718
   182.2500000000072
   182.3000000000072
   182.3500000000072
   182.40000000000722
   182.45000000000724
   182.50000000000725
   182.55000000000726
   182.60000000000727
   182.65000000000728
   182.7000000000073
   182.7500000000073
   182.80000000000732
   182.85000000000733
   182.90000000000734
   182.95000000000735
   183.00000000000736
   183.05000000000737
   183.10000000000738
   183.1500000000074
   183.2000000000074
   183.25000000000742
   183.30000000000743
   183.35000000000744
   183.40000000000745
   183.45000000000746
   183.50000000000747
   183.5500000000075
   183.6000000000075
   183.6500000000075
   183.70000000000752
   183.75000000000753
   183.80000000000754
   183.85000000000755
   183.90000000000757
   183.95000000000758
   184.0000000000076
   184.0500000000076
   184.1000000000076
   184.15000000000762
   184.20000000000763
   184.25000000000765
   184.30000000000766
   184.35000000000767
   184.40000000000768
   184.4500000000077
   184.5000000000077
   184.5500000000077
   184.60000000000773
   184.65000000000774
   184.70000000000775
   184.75000000000776
   184.80000000000777
   184.85000000000778
   184.9000000000078
   184.9500000000078
   185.00000000000782
   185.05000000000783
   185.10000000000784
   185.15000000000785
   185.20000000000786
   185.25000000000787
   185.30000000000788
   185.3500000000079
   185.4000000000079
   185.45000000000792
   185.50000000000793
   185.55000000000794
   185.60000000000795
   185.65000000000796
   185.70000000000798
   185.750000000008
   185.800000000008
   185.850000000008
   185.90000000000802
   185.95000000000803
   186.00000000000804
   186.05000000000805
   186.10000000000807
   186.15000000000808
   186.2000000000081
   186.2500000000081
   186.3000000000081
   186.35000000000812
   186.40000000000813
   186.45000000000815
   186.50000000000816
   186.55000000000817
   186.60000000000818
   186.6500000000082
   186.7000000000082
   186.7500000000082
   186.80000000000823
   186.85000000000824
   186.90000000000825
   186.95000000000826
   187.00000000000827
   187.05000000000828
   187.1000000000083
   187.1500000000083
   187.20000000000832
   187.25000000000833
   187.30000000000834
   187.35000000000835
   187.40000000000836
   187.45000000000837
   187.50000000000838
   187.5500000000084
   187.6000000000084
   187.65000000000842
   187.70000000000843
   187.75000000000844
   187.80000000000845
   187.85000000000846
   187.90000000000848
   187.9500000000085
   188.0000000000085
   188.0500000000085
   188.10000000000852
   188.15000000000853
   188.20000000000854
   188.25000000000855
   188.30000000000857
   188.35000000000858
   188.4000000000086
   188.4500000000086
   188.5000000000086
   188.55000000000862
   188.60000000000863
   188.65000000000865
   188.70000000000866
   188.75000000000867
   188.80000000000868
   188.8500000000087
   188.9000000000087
   188.9500000000087
   189.00000000000873
   189.05000000000874
   189.10000000000875
   189.15000000000876
   189.20000000000877
   189.25000000000878
   189.3000000000088
   189.3500000000088
   189.40000000000882
   189.45000000000883
   189.50000000000884
   189.55000000000885
   189.60000000000886
   189.65000000000887
   189.70000000000888
   189.7500000000089
   189.8000000000089
   189.85000000000892
   189.90000000000893
   189.95000000000894
   190.00000000000895
   190.05000000000896
   190.10000000000898
   190.150000000009
   190.200000000009
   190.250000000009
   190.30000000000902
   190.35000000000903
   190.40000000000904
   190.45000000000906
   190.50000000000907
   190.55000000000908
   190.6000000000091
   190.6500000000091
   190.7000000000091
   190.75000000000912
   190.80000000000913
   190.85000000000915
   190.90000000000916
   190.95000000000917
   191.00000000000918
   191.0500000000092
   191.1000000000092
   191.15000000000921
   191.20000000000923
   191.25000000000924
   191.30000000000925
   191.35000000000926
   191.40000000000927
   191.45000000000928
   191.5000000000093
   191.5500000000093
   191.60000000000932
   191.65000000000933
   191.70000000000934
   191.75000000000935
   191.80000000000936
   191.85000000000937
   191.90000000000938
   191.9500000000094
   192.0000000000094
   192.05000000000942
   192.10000000000943
   192.15000000000944
   192.20000000000945
   192.25000000000946
   192.30000000000948
   192.3500000000095
   192.4000000000095
   192.4500000000095
   192.50000000000952
   192.55000000000953
   192.60000000000954
   192.65000000000956
   192.70000000000957
   192.75000000000958
   192.8000000000096
   192.8500000000096
   192.9000000000096
   192.95000000000962
   193.00000000000963
   193.05000000000965
   193.10000000000966
   193.15000000000967
   193.20000000000968
   193.2500000000097
   193.3000000000097
   193.35000000000971
   193.40000000000973
   193.45000000000974
   193.50000000000975
   193.55000000000976
   193.60000000000977
   193.65000000000978
   193.7000000000098
   193.7500000000098
   193.80000000000982
   193.85000000000983
   193.90000000000984
   193.95000000000985
   194.00000000000986
   194.05000000000987
   194.10000000000989
   194.1500000000099
   194.2000000000099
   194.25000000000992
   194.30000000000993
   194.35000000000994
   194.40000000000995
   194.45000000000996
   194.50000000000998
   194.55000000001
   194.60000000001
   194.65000000001
   194.70000000001002
   194.75000000001003
   194.80000000001004
   194.85000000001006
   194.90000000001007
   194.95000000001008
   195.0000000000101
   195.0500000000101
   195.1000000000101
   195.15000000001012
   195.20000000001014
   195.25000000001015
   195.30000000001016
   195.35000000001017
   195.40000000001018
   195.4500000000102
   195.5000000000102
   195.55000000001021
   195.60000000001023
   195.65000000001024
   195.70000000001025
   195.75000000001026
   195.80000000001027
   195.85000000001028
   195.9000000000103
   195.9500000000103
   196.00000000001032
   196.05000000001033
   196.10000000001034
   196.15000000001035
   196.20000000001036
   196.25000000001037
   196.30000000001039
   196.3500000000104
   196.4000000000104
   196.45000000001042
   196.50000000001043
   196.55000000001044
   196.60000000001045
   196.65000000001046
   196.70000000001048
   196.7500000000105
   196.8000000000105
   196.8500000000105
   196.90000000001052
   196.95000000001053
   197.00000000001054
   197.05000000001056
   197.10000000001057
   197.15000000001058
   197.2000000000106
   197.2500000000106
   197.3000000000106
   197.35000000001062
   197.40000000001064
   197.45000000001065
   197.50000000001066
   197.55000000001067
   197.60000000001068
   197.6500000000107
   197.7000000000107
   197.75000000001071
   197.80000000001073
   197.85000000001074
   197.90000000001075
   197.95000000001076
   198.00000000001077
   198.05000000001078
   198.1000000000108
   198.1500000000108
   198.20000000001082
   198.25000000001083
   198.30000000001084
   198.35000000001085
   198.40000000001086
   198.45000000001087
   198.50000000001089
   198.5500000000109
   198.6000000000109
   198.65000000001092
   198.70000000001093
   198.75000000001094
   198.80000000001095
   198.85000000001097
   198.90000000001098
   198.950000000011
   199.000000000011
   199.050000000011
   199.10000000001102
   199.15000000001103
   199.20000000001104
   199.25000000001106
   199.30000000001107
   199.35000000001108
   199.4000000000111
   199.4500000000111
   199.5000000000111
   199.55000000001112
   199.60000000001114
   199.65000000001115
   199.70000000001116
   199.75000000001117
   199.80000000001118
   199.8500000000112
   199.9000000000112
   199.95000000001122
