   0.000830260861522787
   0.0010575784587262933
   0.0013331742034201782
   0.0015637642266805854
   0.001821939441508636
   0.0020074119092123284
   0.002186692465925262
   0.002467185110990548
   0.0026172930177517737
   0.0027653151693129924
   0.0029238893124276435
   0.00310366040816683
   0.003208065095640409
   0.003374551225314222
   0.0034022805835364593
   0.0035663828265553
   0.003684664988941382
   0.0037329469273010836
   0.0037907782575351124
   0.0038767256602816676
   0.0038791454261723657
   0.0039597829317146805
   0.003996036008472422
   0.003981448521158646
   0.004139927344034054
   0.004170913788721384
   0.004144024440492606
   0.0041686551073810175
   0.00418699999784847
   0.004230952336301387
   0.004201889684162107
   0.004229612424812844
   0.004178228492029196
   0.004169591883371341
   0.004152526959561777
   0.004192592918860331
   0.0041107718187657115
   0.004014881332478574
   0.003976592964595086
   0.003908437172550582
   0.0038842874283996683
   0.003797705794453569
   0.003707616950534273
   0.00363015739552036
   0.003506709012137213
   0.00343806425770313
   0.0032817776251983354
   0.0031203475934207412
   0.003023685903982509
   0.0028879696952941896
   0.00272716839850994
   0.0025738893925498123
   0.002440486403749995
   0.002201657074853273
   0.0020095371800708628
   0.001826647544544208
   0.0015807900195203594
   0.0013202393969803273
   0.001057120817006331
   0.000803993372320724
