   0.0
   0.0009
   0.0
   0.0
   0.0012
   0.0004
   0.0006
   0.0006999999999999999
   0.0002
   0.0009
   0.0018
   0.0006
   0.0008
   0.0008
   0.0006
   0.0012
   0.0005
   0.0023
   0.0017000000000000001
   0.0014999999999999998
   0.0014999999999999998
   0.0019
   0.0014999999999999998
   0.0009
   0.0006
   0.0012
   0.0006
   0.001
   0.0012999999999999997
   0.0017000000000000001
   0.0012999999999999997
   0.0005
   0.0012
   0.0029999999999999996
   0.0016
   0.0013999999999999998
   0.0016
   0.0018
   0.0024
   0.0021
   0.0025
   0.0032
   0.0026999999999999997
   0.0018
   0.0025
   0.002
   0.0025
   0.0023
   0.0029999999999999996
   0.0011
   0.0022
   0.002
   0.0034000000000000002
   0.0034000000000000002
   0.0018
   0.0025999999999999994
   0.0038
   0.0021
   0.0038
   0.0025
   0.0039
   0.0026999999999999997
   0.0045
   0.0033
   0.0012999999999999997
   0.005199999999999999
   0.0044
   0.0064
   0.0064
   0.0042
   0.004699999999999999
   0.0060999999999999995
   0.0034999999999999996
   0.005
   0.0043
   0.0039
   0.0038
   0.0031
   0.0048
   0.0044
   0.0040999999999999995
   0.0059
   0.0038
   0.005699999999999999
   0.0043
   0.0072
   0.0067
   0.0051
   0.005999999999999999
   0.0068000000000000005
   0.005399999999999999
   0.0044
   0.0039
   0.0062
   0.004699999999999999
   0.0055
   0.005399999999999999
   0.0075
   0.007899999999999999
   0.0076
   0.0093
   0.0046
   0.0062
   0.0070999999999999995
   0.0098
   0.0081
   0.0078
   0.0067
   0.005299999999999999
   0.008199999999999999
   0.0096
   0.0117
   0.0084
   0.0102
   0.0116
   0.012899999999999998
   0.01
   0.010399999999999998
   0.010599999999999998
   0.011399999999999999
   0.013699999999999999
   0.0111
   0.0139
   0.010599999999999998
   0.0134
   0.0126
   0.0167
   0.012899999999999998
   0.013999999999999999
   0.0126
   0.013699999999999999
   0.016999999999999998
   0.0177
   0.0134
   0.0203
   0.0143
   0.018699999999999998
   0.016
   0.014799999999999999
   0.014499999999999999
   0.0166
   0.016499999999999997
   0.0169
   0.018199999999999997
   0.0156
   0.018199999999999997
   0.015799999999999998
   0.0205
   0.0143
   0.019499999999999997
   0.018799999999999997
   0.0197
   0.0183
   0.0149
   0.0193
   0.0177
   0.0192
   0.0203
   0.0222
   0.0221
   0.022
   0.021199999999999997
   0.022699999999999998
   0.0237
   0.024599999999999997
   0.024599999999999997
   0.026199999999999998
   0.0283
   0.0254
   0.026199999999999998
   0.0285
   0.028900000000000002
   0.0301
   0.034499999999999996
   0.0344
   0.0302
   0.0322
   0.027499999999999997
   0.0321
   0.034199999999999994
   0.0348
   0.0312
   0.037899999999999996
   0.0338
   0.035699999999999996
   0.0353
   0.04239999999999999
   0.04159999999999999
   0.0366
   0.0408
   0.0468
   0.0434
   0.0394
   0.0447
   0.0489
   0.0443
   0.0442
   0.054799999999999995
   0.0581
   0.048299999999999996
   0.0555
   0.0506
   0.0476
   0.0559
   0.0556
   0.052700000000000004
   0.0596
   0.0519
   0.0532
   0.06369999999999999
   0.05689999999999999
   0.06989999999999999
   0.0602
   0.0727
   0.07279999999999999
   0.0636
   0.0627
   0.0708
   0.07279999999999999
   0.072
   0.06559999999999999
   0.0721
   0.07619999999999999
   0.08449999999999999
   0.07339999999999999
   0.06709999999999999
   0.08209999999999999
   0.08149999999999999
   0.0779
   0.075
   0.0952
   0.0965
   0.0843
   0.0944
   0.1016
   0.0974
   0.0824
   0.08549999999999999
   0.0988
   0.1013
   0.0997
   0.1017
   0.09809999999999999
   0.0954
   0.1108
   0.1085
   0.1169
   0.10749999999999998
   0.1165
   0.1246
   0.11549999999999999
   0.13019999999999998
   0.13199999999999998
   0.128
   0.1372
   0.1305
   0.1207
   0.1283
   0.12999999999999998
   0.1379
   0.1349
   0.1412
   0.1361
   0.1408
   0.15
   0.159
   0.1459
   0.13799999999999998
   0.1432
   0.16879999999999998
   0.1643
   0.14739999999999998
   0.1576
   0.17059999999999997
   0.18159999999999998
   0.1658
   0.17989999999999998
   0.17629999999999998
   0.1833
   0.1759
   0.1798
   0.18919999999999998
   0.1987
   0.2083
   0.2075
   0.2171
   0.21749999999999997
   0.20709999999999998
   0.21319999999999997
   0.21760000000000002
   0.23349999999999999
   0.2399
   0.2477
   0.2332
   0.2357
   0.2541
   0.2561
   0.2627
   0.2713
   0.26789999999999997
   0.2832
   0.2643
   0.27199999999999996
   0.302
   0.3015
   0.29619999999999996
   0.28509999999999996
   0.3
   0.2994
   0.31699999999999995
   0.3193
   0.32939999999999997
   0.3101
   0.33949999999999997
   0.3388
   0.35279999999999995
   0.36499999999999994
   0.37139999999999995
   0.3676
   0.3713
   0.4014
   0.386
   0.41219999999999996
   0.4018999999999999
   0.40329999999999994
   0.4159
   0.43929999999999997
   0.43409999999999993
   0.44389999999999996
   0.4603
   0.4648
   0.48829999999999996
   0.4841
   0.4718
   0.46989999999999993
   0.5242
   0.487
   0.5439999999999999
   0.5367
   0.5388
   0.5351999999999999
   0.5569999999999999
   0.5773999999999999
   0.565
   0.5888
   0.6063
   0.6264
   0.6244
   0.6331
   0.6237999999999999
   0.6426999999999999
   0.6662999999999999
   0.6567999999999999
   0.7154
   0.6915
   0.6825
   0.6927999999999999
   0.7393
   0.7548
   0.7541
   0.7788
   0.7754999999999999
   0.8083999999999999
   0.8354
   0.8469
   0.8554999999999999
   0.8683
   0.9186
   0.8937999999999999
   0.9199999999999999
   0.9295
   0.9614
   0.9961
   0.9868
   1.0012999999999999
   1.0266
   1.0488
   1.0574999999999999
   1.0276
   1.0608
   1.1281999999999999
   1.1108999999999998
   1.1393
   1.1491999999999998
   1.1584999999999999
   1.1895
   1.1985999999999999
   1.271
   1.2408
   1.2922
   1.2795
   1.3157999999999999
   1.3428999999999998
   1.365
   1.3891
   1.3927
   1.4355
   1.4513999999999998
   1.4802
   1.5237999999999998
   1.5482999999999998
   1.5316999999999998
   1.5752
   1.5957999999999999
   1.6213
   1.6986
   1.7302999999999997
   1.7649
   1.7613999999999999
   1.8134
   1.8423999999999998
   1.899
   1.8814
   1.9275999999999998
   1.9955999999999998
   1.9912999999999998
   2.0183
   2.0589999999999997
   2.0448
   2.1168
   2.1149999999999998
   2.19
   2.219
   2.2504999999999997
   2.3024
   2.3568
   2.3746
   2.4206
   2.4652
   2.5608999999999997
   2.5612
   2.6306
   2.6512999999999995
   2.7457
   2.7239999999999998
   2.8051999999999997
   2.8613
   2.9598999999999998
   2.9687999999999994
   3.0523
   3.1129
   3.1426
   3.1818999999999997
   3.2552999999999996
   3.3333
   3.3598
   3.3564
   3.4487
   3.5371999999999995
   3.6093999999999995
   3.6553
   3.6936
   3.75
   3.8543
   3.8815
   3.9625
   4.047
   4.0897
   4.194599999999999
   4.2832
   4.3739
   4.4075999999999995
   4.4932
   4.567399999999999
   4.597499999999999
   4.7072
   4.764399999999999
   4.8663
   4.956499999999999
   4.9525999999999994
   5.162799999999999
   5.223
   5.382599999999999
   5.392099999999999
   5.5642
   5.5742
   5.7692
   5.7867
   5.985799999999999
   6.0067
   6.124199999999999
   6.2187
   6.3795
   6.4064
   6.5636
   6.674099999999999
   6.744599999999999
   6.903599999999999
   6.9227
   7.161499999999999
   7.1926
   7.4323999999999995
   7.4638
   7.5773
   7.7541
   8.6577
   8.6107
   8.7175
   8.7074
   8.857099999999999
   8.7643
   8.7684
   8.7798
   8.685899999999998
   8.479899999999999
   7.5704
   7.5661
   7.4072000000000005
   7.3867
   7.183599999999999
   7.1484
   7.0321
   6.929999999999999
   6.7695
   6.6503
   6.5935999999999995
   6.489599999999999
   6.4011
   6.2044
   6.052199999999999
   6.047599999999999
   5.9030000000000005
   5.846299999999999
   5.6927
   5.6386
   5.569499999999999
   5.409199999999999
   5.3412
   5.249099999999999
   5.129599999999999
   5.0706999999999995
   4.934
   4.912699999999999
   4.809399999999999
   4.7753
   4.7332
   4.5675
   4.537999999999999
   4.4925999999999995
   4.3931
   4.3137
   4.2297
   4.122
   4.1037
   3.9802999999999997
   3.9673000000000003
   3.9123
   3.7524999999999995
   3.7399999999999998
   3.5846999999999998
   3.5831
   3.5375
   3.4622999999999995
   3.4450999999999996
   3.3581
   3.2985999999999995
   3.2506
   3.1795
   3.1165
   3.093
   3.0362
   3.0484
   2.9052
   2.8093
   2.8895999999999997
   2.7281
   2.7786999999999997
   2.6498
   2.6380999999999997
   2.5918
   2.5511
   2.4475
   2.4677
   2.3956999999999997
   2.4109
   2.3338
   2.2502
   2.2487
   2.2531999999999996
   2.1725
   2.1548
   2.1248
   2.0277
   2.0450999999999997
   1.9786
   1.9506000000000001
   1.9067999999999998
   1.9104999999999999
   1.8579999999999999
   1.8160999999999998
   1.7699999999999998
   1.7730000000000001
   1.6969
   1.6965999999999999
   1.7158999999999998
   1.6741
   1.6125
   1.5937999999999999
   1.5726999999999998
   1.5875
   1.5725
   1.5047
   1.4938999999999998
   1.4443
   1.4371
   1.3872999999999998
   1.3697
   1.3683999999999998
   1.3481
   1.3161999999999998
   1.3089999999999997
   1.2892
   1.2752999999999999
   1.2109999999999999
   1.2130999999999998
   1.1683
   1.1662
   1.1411
   1.1027
   1.1053
   1.0786999999999998
   1.0782999999999998
   1.0502
   1.0293999999999999
   1.0262
   0.994
   0.981
   0.9736
   0.9436999999999999
   0.9185
   0.9399
   0.9084
   0.8792999999999999
   0.878
   0.8533
   0.8343
   0.8248
   0.8304999999999999
   0.8096
   0.7863
   0.7565
   0.7849999999999999
   0.7376
   0.7038999999999999
   0.7396999999999999
   0.7121
   0.7137
   0.7052999999999999
   0.6926
   0.6698
   0.6444
   0.616
   0.6314
   0.6035999999999999
   0.6264
   0.6191
   0.586
   0.5837
   0.5647
   0.5689
   0.5243
   0.5299999999999999
   0.5401
   0.504
   0.5011
   0.4784999999999999
   0.48009999999999997
   0.4748
   0.4932
   0.48169999999999996
   0.46199999999999997
   0.44299999999999995
   0.44799999999999995
   0.44889999999999997
   0.44079999999999997
   0.4290999999999999
   0.42529999999999996
   0.40009999999999996
   0.3913
   0.3938
   0.3863
   0.3757
   0.3835
   0.3576
   0.36639999999999995
   0.3433
   0.368
   0.3425
   0.3418
   0.3336
   0.3316
   0.3283
   0.3141999999999999
   0.31829999999999997
   0.3188
   0.30979999999999996
   0.3066
   0.2989
   0.28359999999999996
   0.2859
   0.2818
   0.27799999999999997
   0.28759999999999997
   0.27969999999999995
   0.2766
   0.2508
   0.24459999999999998
   0.2585
   0.25029999999999997
   0.24259999999999998
   0.24119999999999997
   0.2389
   0.2241
   0.2264
   0.2263
   0.21819999999999998
   0.2095
   0.2002
   0.2044
   0.2002
   0.1956
   0.194
   0.1906
   0.20109999999999997
   0.18639999999999998
   0.17319999999999997
   0.1847
   0.1883
   0.18569999999999998
   0.17639999999999997
   0.174
   0.1555
   0.1525
   0.16979999999999998
   0.14809999999999998
   0.1469
   0.14579999999999999
   0.14679999999999999
   0.1555
   0.1447
   0.1402
   0.1374
   0.1284
   0.12519999999999998
   0.1234
   0.1271
   0.11639999999999999
   0.1297
   0.1238
   0.1238
   0.1183
   0.1152
   0.11379999999999998
   0.1142
   0.11379999999999998
   0.10869999999999999
   0.1024
   0.1003
   0.09589999999999999
   0.09860000000000001
   0.1025
   0.0973
   0.09860000000000001
   0.10200000000000001
   0.08869999999999999
   0.1003
   0.09159999999999999
   0.0871
   0.08479999999999999
   0.0846
   0.08739999999999999
   0.08139999999999999
   0.0851
   0.0747
   0.0779
   0.08639999999999999
   0.0895
   0.0797
   0.0726
   0.07369999999999999
   0.0776
   0.0677
   0.07479999999999999
   0.06999999999999999
   0.0654
   0.06459999999999999
   0.0662
   0.0556
   0.058499999999999996
   0.059699999999999996
   0.0589
   0.0511
   0.057499999999999996
   0.054299999999999994
   0.0629
   0.0521
   0.0503
   0.048999999999999995
   0.050899999999999994
   0.0576
   0.04669999999999999
   0.0478
   0.0445
   0.045799999999999993
   0.047099999999999996
   0.0468
   0.047099999999999996
   0.0459
   0.0436
   0.0409
   0.039599999999999996
   0.04669999999999999
   0.0489
   0.0434
   0.0496
   0.041499999999999995
   0.04139999999999999
   0.0408
   0.0392
   0.034999999999999996
   0.0353
   0.0341
   0.0391
   0.032499999999999994
   0.0338
   0.03899999999999999
   0.037899999999999996
   0.0334
   0.0352
   0.036199999999999996
   0.0248
   0.0317
   0.03559999999999999
   0.0301
   0.027899999999999998
   0.03
   0.028399999999999998
   0.0264
   0.027200000000000002
   0.0251
   0.0251
   0.022499999999999996
   0.0247
   0.027200000000000002
   0.0265
   0.0243
   0.018099999999999998
   0.0264
   0.0234
   0.019799999999999998
   0.0213
   0.0196
   0.0191
   0.0237
   0.0206
   0.020999999999999998
   0.0189
   0.0215
   0.0157
   0.0157
   0.0168
   0.022
   0.0174
   0.0192
   0.019
   0.0156
   0.0203
   0.017099999999999997
   0.0149
   0.0151
   0.0149
   0.0189
   0.016999999999999998
   0.0152
   0.0135
   0.016999999999999998
   0.014599999999999998
   0.014599999999999998
   0.014499999999999999
   0.014799999999999999
   0.016399999999999998
   0.0139
   0.0111
   0.013099999999999999
   0.0127
   0.0115
   0.0161
   0.0124
   0.0126
   0.012099999999999998
   0.0124
   0.014599999999999998
   0.0134
   0.013
   0.009899999999999999
   0.0111
   0.0109
   0.01
   0.0132
   0.011199999999999998
   0.012499999999999999
   0.009899999999999999
   0.011199999999999998
   0.008899999999999998
   0.010499999999999999
   0.008
   0.01
   0.0088
   0.011399999999999999
   0.008199999999999999
   0.008899999999999998
   0.008
   0.010799999999999999
   0.0055
   0.0066
   0.0095
   0.0095
   0.005699999999999999
   0.008499999999999999
   0.0097
   0.008199999999999999
   0.0070999999999999995
   0.007299999999999999
   0.0086
   0.0055
   0.0034999999999999996
   0.0048
   0.0067
   0.0038
   0.004
   0.0066
   0.0043
   0.0034999999999999996
   0.0042
   0.0029999999999999996
   0.004
   0.0062
   0.0038
   0.0049
   0.0038
   0.0044
   0.0029999999999999996
   0.0040999999999999995
   0.0046
   0.0034999999999999996
   0.0032
   0.0039
   0.0036999999999999997
   0.0039
   0.0033
   0.0034999999999999996
   0.0019
   0.0029
   0.0014999999999999998
   0.0008
   0.0024
   0.001
   0.0036
   0.0014999999999999998
   0.0012
   0.0024
   0.0023
   0.0009
   0.002
   0.0012999999999999997
   0.0019
   0.0025999999999999994
   0.0033
   0.0008
   0.0017000000000000001
   0.0022
   0.0014999999999999998
   0.0009
   0.0006
   0.0026999999999999997
   0.0012
   0.0009
   0.0006999999999999999
   0.0011
   0.0013999999999999998
   0.0005
   0.0014999999999999998
   0.0008
   0.0005
   0.0013999999999999998
   0.0003
   0.0012
   0.0012
   0.0005
   0.0011
   0.0008
   0.0018
   0.0005
   0.0006999999999999999
   0.0002
   0.0005
   0.0
   0.0004
   0.0001
   0.0
