   0.026712
   0.043308
   0.05674799999999999
   0.06511199999999999
   0.07644
   0.085368
   0.09535199999999999
   0.102516
   0.110232
   0.11752800000000001
   0.12413999999999999
   0.12702
   0.135048
   0.137568
   0.143004
   0.14934
   0.150624
   0.153756
   0.159792
   0.16341599999999998
   0.16548
   0.16370400000000002
   0.164148
   0.16636800000000002
   0.166164
   0.16833599999999999
   0.169548
   0.17299199999999998
   0.169152
   0.17041199999999998
   0.17187599999999997
   0.170796
   0.16777199999999998
   0.16512
   0.16552799999999998
   0.163692
   0.166896
   0.16833599999999999
   0.16747199999999998
   0.16584
   0.159828
   0.155796
   0.151884
   0.14882399999999998
   0.14868
   0.14210399999999998
   0.137112
   0.133248
   0.12934800000000002
   0.12584399999999998
   0.11952
   0.11381999999999999
   0.10392
   0.096636
   0.087768
   0.077544
   0.065964
   0.0552
   0.039911999999999996
   0.025968
