   0.07464000000000001
   0.10677600000000001
   0.1383
   0.16746
   0.19894799999999999
   0.227676
   0.25369200000000003
   0.29144400000000004
   0.31056
   0.33048
   0.35682
   0.38780400000000004
   0.399288
   0.424944
   0.430584
   0.44844000000000006
   0.464256
   0.480936
   0.49684799999999996
   0.50874
   0.511032
   0.52086
   0.525012
   0.524232
   0.5403359999999999
   0.544908
   0.545976
   0.544428
   0.5489040000000001
   0.55428
   0.552336
   0.554244
   0.5506920000000001
   0.54666
   0.549192
   0.5446799999999999
   0.540084
   0.53286
   0.5242439999999999
   0.5089800000000001
   0.505992
   0.497772
   0.4800720000000001
   0.46767600000000004
   0.451956
   0.436692
   0.416664
   0.395892
   0.380232
   0.357804
   0.335328
   0.31321200000000005
   0.28946399999999994
   0.25944
   0.23008800000000001
   0.20347200000000001
   0.172272
   0.139188
   0.106176
   0.0723
