   0.02676
   0.04848
   0.06468
   0.075
   0.08064
   0.09756
   0.11172
   0.11388
   0.13272
   0.13512
   0.13188
   0.12912
   0.12408
   0.13535999999999998
   0.13488
   0.14772000000000002
   0.14172
   0.1458
   0.14592
   0.1566
   0.15588
   0.1524
   0.15563999999999997
   0.1572
   0.16188
   0.15744
   0.14495999999999998
   0.15696
   0.15384
   0.16152
   0.15936
   0.15083999999999997
   0.1566
   0.16727999999999998
   0.16512
   0.16572
   0.15864
   0.17148
   0.16308
   0.17448
   0.16812
   0.16848
   0.15384
   0.15683999999999998
   0.1524
   0.15563999999999997
   0.14328
   0.13572
   0.13296
   0.11892
   0.11220000000000001
   0.111
   0.10848
   0.09935999999999999
   0.10128
   0.09036
   0.07788
   0.06168
   0.0438
   0.02616
