   0.0012859311362421993
   0.001991111454178003
   0.002563772565770854
   0.002789312422601264
   0.0029671951078750307
   0.0035631523995347165
   0.004084266793516361
   0.003961732098050839
   0.004707159108003488
   0.004603498617387856
   0.004365523903109129
   0.00422334640011545
   0.004160629214402008
   0.004665452295347119
   0.0043603701319757295
   0.0047670402510326575
   0.004550592872322024
   0.004625239412628069
   0.004689857082312628
   0.004939181403635352
   0.004880703879347718
   0.005119730191951314
   0.0049139031276687565
   0.005025966061984246
   0.005155416625487151
   0.005040742413113845
   0.004440944652455092
   0.004688750529787412
   0.004617004956314673
   0.004839063207005538
   0.004847634046937435
   0.0045903293516487255
   0.004785509078180578
   0.005182854531810266
   0.005184522877334037
   0.005215456815623099
   0.00473865456733734
   0.0052475269408126775
   0.0048172103476088
   0.005148702270119689
   0.0048569020541291315
   0.004915662764038464
   0.004552872871745774
   0.0047771888394643565
   0.0047302519074658
   0.004851557287828743
   0.004230303006252217
   0.004140208664600107
   0.004205287624661981
   0.0038212779470910086
   0.0037180383130118494
   0.003781692858391442
   0.0038325773445703408
   0.003434620443846274
   0.003579135967322865
   0.003182639579756646
   0.0028268865363956382
   0.0023512094026355208
   0.0018931421380720466
   0.0012323556289662507
